671
378
64
996
673
870
695
810
200
380
140
143
573
447
196
234
930
654
544
531
269
191
54
404
470
878
29
245
87
260
490
929
472
905
264
607
851
598
964
806
441
13
590
193
365
259
765
0
107
263
336
530
679
216
371
42
717
939
957
47
977
194
702
992
611
720
862
350
719
89
307
848
126
962
290
289
388
716
699
422
321
639
359
151
481
232
228
900
467
501
327
136
787
508
235
701
615
172
680
593
768
127
180
805
138
619
258
665
606
219
784
584
453
512
455
81
19
525
500
537
31
945
58
35
553
6
920
4
914
624
63
631
886
616
927
749
743
521
804
829
803
190
8
578
293
181
391
792
317
582
382
465
221
482
734
34
206
981
974
21
454
658
134
250
77
516
535
298
901
586
798
808
116
101
739
551
408
253
413
246
376
504
237
489
231
473
458
217
461
469
98
947
738
165
863
152
880
173
967
610
797
812
162
592
393
861
377
952
704
953
278
296
148
783
131
921
99
266
240
427
577
41
487
486
407
333
985
676
510
476
946
354
80
700
668
816
918
707
970
106
347
358
444
343
892
449
838
545
879
840
72
937
373
319
313
864
731
155
762
722
628
778
412
163
239
401
603
210
835
549
776
546
462
40
338
494
285
156
303
641
988
890
209
420
331
311
660
698
594
794
814
973
50
46
421
818
268
214
477
728
820
374
823
443
244
243
411
281
785
485
448
457
854
213
936
406
463
175
907
715
52
712
49
322
591
613
16
271
273
583
103
617
561
559
773
960
541
301
379
522
867
167
735
316
669
657
309
796
850
414
396
399
367
433
400
366
390
437
438
302
677
135
129
128
112
110
108
270
355
144
576
834
94
758
536
170
205
711
198
896
340
885
330
688
873
868
730
529
759
418
694
982
672
580
786
429
1
948
924
909
902
498
933
876
523
524
791
949
841
540
542
827
579
793
82
56
199
169
39
363
387
139
188
385
370
30
318
713
585
277
364
932
28
176
916
782
825
518
310
800
308
122
305
295
59
339
74
71
342
67
349
897
634
602
651
697
229
195
955
993
895
552
348
780
587
430
874
678
495
656
871
142
424
85
795
640
846
96
314
325
121
684
452
274
588
187
958
37
22
179
440
931
597
725
478
286
255
752
811
230
154
150
186
802
630
687
533
629
207
224
781
663
125
614
652
543
113
565
572
571
225
696
410
431
55
435
356
9
872
866
983
857
507
943
25
409
5
991
954
917
705
971
910
690
394
568
171
471
446
272
261
18
919
439
104
27
389
182
938
215
807
830
801
837
92
645
650
145
496
979
488
203
483
153
397
484
11
550
256
648
227
625
987
959
202
968
403
636
2
721
589
324
117
517
97
509
90
859
137
502
83
548
884
894
755
560
746
706
381
726
742
750
788
415
824
951
65
833
710
941
38
926
745
649
723
14
984
164
201
966
753
661
766
287
538
299
475
323
284
428
426
419
257
329
514
831
757
526
527
118
532
300
147
774
86
557
558
736
168
686
345
999
994
12
445
956
451
36
925
351
899
91
881
70
491
877
492
75
334
505
632
853
626
681
233
664
638
520
554
761
822
821
26
372
575
653
73
961
621
883
442
335
655
642
450
826
515
24
383
223
513
425
326
562
839
249
312
691
297
17
416
368
292
623
341
646
222
972
703
306
115
887
130
963
789
20
714
436
978
123
386
133
528
828
965
771
320
764
288
855
708
682
252
468
53
601
911
940
942
265
888
275
93
709
990
166
563
23
236
620
865
869
727
362
882
132
842
43
69
934
45
923
68
506
856
666
618
898
479
499
78
813
304
398
675
10
756
760
737
627
432
733
570
204
282
184
267
670
779
291
254
547
417
160
242
88
402
7
844
604
251
997
159
950
357
474
480
858
609
595
647
79
174
189
718
369
819
212
395
141
100
817
769
836
111
337
574
66
177
238
178
729
280
149
891
511
62
61
60
922
48
906
534
460
935
218
732
637
662
423
211
998
740
986
976
852
247
975
612
763
241
84
44
315
464
3
772
770
569
328
51
754
635
360
693
913
799
600
248
294
555
220
581
392
276
283
692
344
539
724
944
622
775
102
608
226
969
633
643
995
33
434
459
32
989
405
456
375
15
384
980
556
564
747
748
751
208
674
158
157
744
767
777
146
790
124
667
120
119
262
683
685
605
689
599
596
197
192
809
185
183
279
567
161
741
566
908
493
875
889
893
346
903
904
57
497
352
912
915
353
644
928
361
845
114
815
109
105
519
832
95
843
466
847
659
849
332
860
503
76
