561
1009
351
1917
1684
969
1959
972
1645
1762
1479
390
2941
217
695
577
580
1261
168
2968
396
1987
1716
1790
1676
2246
2093
2780
109
2408
1227
717
2879
686
2273
2302
2816
2204
2235
1528
2997
2926
1448
1753
1446
2469
679
1893
2988
192
995
111
1654
75
404
1576
1062
1548
770
2287
1455
2112
2686
966
1898
633
1416
1557
1467
2610
257
2699
1049
2000
1055
1146
927
910
1424
1547
1591
2026
1889
398
152
68
1160
1281
2462
2437
719
610
385
2284
879
5
184
955
1252
2534
1377
383
2356
1299
2999
2295
2692
2340
2248
1033
1028
1924
986
319
300
466
2487
2444
53
1948
661
518
151
64
947
2747
2955
1354
1514
1154
1163
2518
2420
1017
209
430
2938
1702
689
2529
3
422
939
533
1663
63
246
2081
2021
393
2538
843
625
1865
869
1216
335
233
1894
2886
2627
61
546
1648
1437
200
1936
2561
1627
2509
316
884
2393
1791
666
1036
2856
628
2659
7
2485
501
2577
871
320
2027
1685
1442
1090
1964
228
639
1617
2013
2243
358
2323
2454
589
2123
1306
2475
440
191
791
2294
220
1962
1598
1481
815
2846
637
777
2172
832
2178
2854
821
2179
2629
57
709
2477
1365
25
2244
1096
730
2194
1384
2415
1568
2493
40
2192
2251
2504
1302
2202
799
71
2638
2641
674
2647
1214
2346
622
2878
2668
2998
1224
2457
699
2375
1290
583
990
2463
288
2009
1535
2944
1086
669
2653
1827
140
2992
438
366
433
1508
979
1621
555
1942
2497
2586
66
1562
2094
405
41
1421
1644
1513
1011
2209
749
1327
1222
2150
1432
626
221
1241
2114
131
2358
756
2136
282
1516
1167
2887
2390
1056
1761
2958
290
1760
865
1079
1669
323
2713
873
2424
2193
2496
1441
1820
1515
965
621
929
1664
343
1132
392
1385
2288
1388
2245
2018
2023
1892
48
575
2605
2918
1190
1940
673
1974
1620
2969
2800
1817
741
2793
1737
928
21
2102
2120
2934
775
1776
429
2902
45
2786
515
1583
2050
431
285
1336
1340
160
102
2377
207
1352
2560
1225
247
243
164
2514
1233
905
901
289
1947
1862
2122
1399
547
1881
722
338
2049
538
1826
269
1913
2674
1471
2196
2790
2331
2333
2929
2261
1860
2729
1878
1787
1298
2911
921
1343
2223
671
1153
165
894
175
2821
2442
1833
1074
1226
94
1092
1265
340
1596
222
2845
2280
418
2074
1370
2871
1374
1168
1622
2970
1956
2524
1541
520
2545
594
567
47
177
1274
1240
1561
976
1665
2630
487
2491
263
1661
1536
2690
2945
2396
1338
1461
1721
2664
394
2264
2337
309
890
2268
2756
299
298
2311
372
1986
2381
826
1537
508
203
738
828
2525
2847
1946
733
239
1782
1723
1389
656
2826
92
2332
1610
1623
1749
1692
2592
1834
1821
1140
2822
2640
891
489
169
2449
2401
2200
31
419
750
2061
334
822
911
1874
2763
605
2639
2989
1236
544
1273
2651
1059
104
1136
1819
983
1024
187
664
2696
2616
14
2319
2867
2076
272
1534
1533
1268
735
1332
2222
2258
525
1408
838
527
93
387
898
1170
44
268
2291
2861
2473
470
2137
1540
2169
2173
99
1843
135
1325
303
397
2407
2406
344
711
2557
201
2957
1935
514
1594
242
1630
1976
1245
755
2609
1105
437
1503
2508
365
2660
1407
2825
2510
1619
2242
2088
2361
245
2973
83
1264
2033
1566
2089
266
1895
918
992
766
974
2051
907
2140
283
2453
1579
1639
1933
2781
683
1004
888
1328
1258
1321
1356
1081
1727
1570
1287
1012
932
1353
1184
702
2044
585
1904
2225
2366
2232
2296
352
1930
2382
254
2695
2144
2167
2343
1792
2350
552
2190
2806
982
1475
1593
1104
600
964
197
2753
2489
570
864
204
1064
1994
1358
551
1588
2838
2888
2398
784
1506
2419
1026
284
2103
2247
1296
2065
276
803
234
788
1587
2536
349
2217
740
261
2433
1242
488
2108
2224
1257
1554
2517
904
2511
2471
734
16
1000
2314
2994
849
2646
681
2884
1112
91
411
2849
1809
1920
659
1937
1643
1642
1844
1165
1044
870
2086
913
2644
1141
505
1135
2252
1496
1524
2182
1423
635
835
84
1077
2942
1979
1239
225
2549
572
2523
241
2751
1907
2870
1569
2603
193
1085
1478
1380
1278
1280
824
1848
444
2842
330
1420
101
2724
1342
1349
1088
403
2939
2312
2234
1466
1707
216
713
2670
1102
321
1175
2910
1691
678
994
2812
11
1815
1134
631
1131
1733
2667
1116
1785
147
1308
318
2185
2171
2124
1968
2726
2965
1995
941
742
2501
899
885
2832
90
2417
1119
210
97
154
297
23
1148
2802
363
2464
2895
1166
1383
183
1286
2218
2877
425
498
1493
2075
124
1497
796
2772
1831
1814
1672
447
458
2164
1854
1866
1549
2129
1880
1462
2004
2271
2024
1440
663
1966
810
2925
763
1254
1218
1611
291
945
287
2743
975
2499
2045
762
2468
2476
15
1276
227
2922
744
912
2533
1602
1124
1139
801
2909
2239
2374
2658
415
2714
1811
158
2301
2395
80
1337
1434
2187
1799
13
2135
1469
2623
2228
1137
1773
2663
1739
2898
1419
18
1955
999
1908
1191
2880
612
1666
2637
1673
2636
2976
1875
1182
596
2738
482
1555
1344
2951
2369
2212
789
2478
1300
2482
1551
804
925
859
2520
1592
2455
1543
2012
729
310
76
2255
2168
2634
2632
1164
1697
792
1710
998
1714
1311
2367
2645
868
1453
818
1379
1381
1801
412
2666
657
2300
1212
2007
1260
737
253
2527
1277
842
1981
103
218
1628
214
1283
1632
564
2441
915
2588
494
2080
1188
1186
2794
279
292
1545
1323
1745
1688
1500
2788
2698
1103
1070
1071
2104
1813
1715
1830
1703
1896
1649
1951
1984
1996
2014
2037
2042
2057
2804
2233
2274
1394
1390
1351
2391
1324
2459
2817
2546
2591
2620
534
1022
286
846
560
139
329
540
132
493
206
1018
167
924
1032
937
743
2768
2824
492
504
2043
2727
2118
336
51
2134
2757
836
354
129
1519
2317
1443
2249
806
2316
1250
2290
563
1291
668
593
2974
264
1887
1347
2693
278
963
1818
142
553
1797
1297
1988
1626
1777
720
301
2936
2025
1312
232
223
2315
1313
830
1464
2338
970
294
1398
2841
1151
1275
2803
296
317
991
2142
2587
2963
1199
1560
490
2071
1093
2923
2031
2725
1624
1259
1919
2717
136
1836
1725
2711
1786
1758
1766
1556
2281
807
1553
769
772
2269
1015
1244
2198
2143
1229
2372
1249
2654
153
957
2599
134
2612
2679
205
2675
150
1267
1647
783
2146
761
2096
500
736
519
2003
537
2201
1923
694
579
1899
1680
1886
620
1747
1769
1392
2526
2512
2495
2426
857
1378
2400
2397
847
1314
2380
2352
2347
812
2279
1477
2231
427
795
116
2904
2996
985
2862
9
28
2890
1145
1376
1400
2589
2774
615
2371
1412
521
1601
81
34
2933
1133
1732
819
375
705
2492
590
1039
1346
1686
2467
1305
2456
1179
2445
2440
1978
1373
2814
1
716
2980
1812
2111
1567
2260
1120
6
1205
2684
2119
1465
1800
2748
1805
2139
463
38
2163
798
1372
1637
248
2430
2292
255
1366
2157
1113
2801
1106
989
1650
453
50
2132
1584
374
2932
510
2289
2034
1589
2327
1430
2339
507
1425
2283
423
2868
1095
2008
805
529
2920
495
850
328
1982
1490
312
1052
2541
117
920
2542
909
2703
1858
2779
2755
588
1816
2613
2657
2618
906
1738
1807
1317
1755
636
2652
1784
759
1608
2914
0
640
1405
32
2216
724
721
2682
1034
1599
1078
2211
2829
2723
1087
386
1473
2278
2733
1585
1458
2749
10
1445
1439
2329
362
2370
2342
618
1822
1395
2844
1600
1142
2598
2357
2359
662
1876
548
108
1922
1040
215
2530
1538
2506
2798
2715
988
1221
1518
465
1775
1856
539
1911
2962
238
2852
271
361
655
935
1438
1658
189
391
1530
373
2299
8
1330
943
2872
1667
2964
2740
1586
1531
1914
1532
237
2048
2155
1063
105
1840
2207
2897
1157
1847
2133
2116
861
49
706
1023
2017
1718
1751
2894
1954
2602
226
1019
293
1303
2461
1200
1098
2203
2661
486
448
1171
2665
455
496
2073
950
1100
157
1748
2166
1123
2
2161
1350
1410
2016
726
1404
27
2539
2011
199
2775
1972
2411
2568
1304
331
2978
1288
1629
95
2490
2734
2928
1255
603
1010
1008
823
