86807
88592
434309
444102
358309
212415
236641
17054
93691
292131
4147
496257
146529
403257
418883
397949
99139
70422
459285
201160
148960
60901
446409
61273
308260
126928
265754
114509
169127
240459
456476
101066
457307
299573
54988
150896
172284
426828
148759
394378
451275
317701
61041
446833
324622
255307
169497
421382
480733
364433
236151
404466
256314
347335
143454
359064
462550
64847
153181
183159
445801
475138
152467
23908
269548
187605
378112
341924
276525
89985
488781
201506
211081
248557
368343
297711
31974
407390
99462
185251
336284
312289
247760
284285
328787
370612
269560
387831
230040
295373
486159
157781
111111
141311
346163
448422
168524
40057
397027
145726
387817
471231
244064
452112
211189
28842
306873
49629
428708
143407
205692
208773
393860
52838
41511
409841
191507
309481
59628
300798
364160
78034
105269
290715
476434
143013
200936
260278
10346
334061
84927
231968
13252
196564
261998
331569
242427
350443
37634
9026
45733
339215
160212
271909
218705
40181
31929
67602
244777
413521
167515
450100
494897
12585
425909
49753
425722
214706
307658
40137
364069
261962
281616
99483
52741
288223
304256
57399
105284
135742
467547
396847
196497
21323
179908
448705
191553
182375
489625
329598
305613
148916
167639
327544
473901
189137
192994
305876
69682
462651
163893
342522
165781
105733
301102
429226
243209
308918
289631
155193
478304
41691
79958
62247
258481
105673
256350
358814
200762
131501
194655
14271
136749
322694
221021
56648
410287
348464
243231
89106
19252
167664
145595
156299
11391
274444
172918
286307
223636
609
274422
251611
296495
245034
103047
370967
206647
93789
269788
162855
155549
493410
208862
299551
2529
367708
238539
56736
388753
144854
194887
293874
383476
142020
21163
397145
442811
187737
480465
330365
433900
409947
67178
365727
201586
253683
194859
279316
489779
258684
413398
489769
18995
152486
455490
111065
178646
244967
192864
187723
260482
141305
99894
5183
295343
142691
100040
488589
189186
174505
136353
383187
365806
397370
478228
67036
38602
294072
171215
276586
416445
155336
297668
281810
365733
378698
393596
294032
413320
217564
105546
141854
244018
407022
15617
8153
308562
38587
450378
414199
443713
240890
298195
284800
254485
108026
51579
402011
179191
91151
355967
452934
340743
268868
179516
21891
386312
141448
426761
421459
239334
497916
148468
175642
466546
51525
395954
329349
365133
44783
377392
128039
280818
472143
319620
459828
275327
401306
251008
377592
21833
107757
192344
22515
368890
394895
22524
333291
356012
489310
459313
155456
324352
168842
29489
325393
58186
119025
360288
179544
92004
40500
248025
303354
58149
122743
248268
181738
414098
498401
26611
481349
293483
141419
436644
310354
321757
272378
73189
333979
58706
377137
494227
436759
385864
385485
175574
115573
254726
449399
172036
421217
233847
321352
91631
29317
35041
45177
112045
288874
449365
104442
329388
4650
268615
215544
141445
476909
481437
127624
58382
224988
268545
140617
135579
303501
167304
265806
340653
385345
32383
426782
421430
340657
119152
300281
426875
298064
73281
414556
26723
199137
179257
435647
408944
192205
51390
144270
333972
250606
108007
489467
155489
497547
112450
136631
360616
297907
456815
293821
312060
435118
463241
28996
279960
18681
415239
168691
315824
92448
212563
79412
22708
72635
285531
400983
157526
295554
276118
134630
346406
18663
303995
415160
208593
99198
386916
274974
40281
63861
353223
266224
346219
2039
26147
272959
192521
52394
309349
210326
265380
492129
196468
476509
2061
434990
116005
90541
198798
317807
105088
78295
27092
210980
69096
4317
449899
21579
247812
293152
486212
407809
73580
195605
26946
276003
214335
276011
4447
276022
471878
14712
259931
8882
231859
284655
489357
255258
175851
26976
364632
221354
165030
265691
115267
171776
111736
175179
272137
26349
4461
167099
92157
476744
386559
244286
272686
136477
471800
21718
250396
50305
152274
409325
154488
402312
368681
137098
408079
326181
141363
369923
394713
26290
272109
402278
59133
463854
1206
319599
247896
50352
104928
136619
126868
139638
63597
360423
491608
290857
346505
471835
424410
16652
114343
100891
61610
423693
173062
117989
271203
252567
465316
190562
252931
457439
252400
30339
326551
465336
261221
278555
96439
337725
431472
216301
238392
149569
5511
344936
87637
158893
173303
499494
299360
232909
160950
146309
474483
100901
343276
146270
220759
406053
419
493205
475340
170215
217343
353916
211806
223758
95700
372890
177911
398075
33578
42698
417967
328081
226872
3718
432498
270916
419205
249303
20056
418906
229527
278376
287449
357025
81722
270360
106013
451006
446818
277598
450812
321565
358511
492477
399823
287018
468356
246938
117069
392650
358520
260899
43228
9364
31355
170824
423644
6043
348668
120946
424244
301409
499812
80395
440309
474797
474798
440458
20487
499548
292006
124249
490890
468495
54926
392424
24040
327467
305276
133182
349187
143091
94496
20182
398438
252499
305236
125355
283339
458223
485458
430126
223986
46977
264218
447749
474429
39473
362979
464675
295016
170727
418960
296896
343919
154350
88298
7850
461905
70504
283631
373720
493188
261624
454931
136163
147242
152837
120116
474473
379607
203574
16261
282754
260937
331384
180603
231088
479692
391564
162123
173750
379703
198194
7665
61658
47583
305022
343493
60930
296671
235286
469846
329834
124303
102118
180723
81364
162180
298742
200000
404079
263903
465260
25057
418165
76158
479170
264030
343655
241921
12357
464456
200355
277743
101728
87973
232259
308513
282182
172970
379284
357681
220937
416787
264735
156204
193193
241419
412370
392004
301756
11711
2994
332376
243898
183214
299472
20715
61019
451329
131365
283420
164645
77197
403913
283801
228457
153221
479512
419522
162788
406567
487860
490596
263972
318063
71263
181163
417483
228191
241343
88901
109797
334292
458339
220439
322717
34064
423066
208984
392923
289986
277335
54710
25445
447111
245102
487928
9897
116764
120026
430403
47286
406544
38911
227144
183284
137432
224177
47284
237491
267182
430857
12151
3749
144031
87953
357280
165844
197272
442265
273887
474158
235376
274364
405027
124619
130692
362547
245158
75163
274064
110149
146957
446615
102174
60612
182804
337690
301302
380480
16400
230657
212078
327309
297246
301290
479193
363126
54583
446204
498
9729
55472
220891
109008
469023
230832
143947
176942
301995
133714
490095
120488
225813
125713
25397
294174
317777
167799
322861
9916
417441
496265
106879
432659
124859
237968
117806
169791
366309
87081
185937
381822
240081
353062
327326
362600
490797
321941
51979
76495
420645
364527
142457
362344
55716
376091
184598
369952
104066
208555
203235
236590
330540
221320
471851
259212
108245
42308
86626
418678
444625
435397
362276
376593
36459
154700
73632
497609
111624
221295
324953
454189
76589
490337
462011
268958
391760
314884
147293
