2605
2196
476
994
2182
424
1440
82
2544
1870
1093
2699
594
347
376
627
501
2102
1970
1518
2572
1246
1321
791
2429
1789
1097
84
322
401
678
776
1765
1428
2543
1620
1932
210
2739
2249
1309
2301
2365
2677
1105
1199
663
1578
1946
2999
2863
2847
2798
2779
276
311
2687
0
172
975
2690
2689
1682
2270
2126
609
546
1847
512
352
297
622
263
414
555
1517
467
775
1912
974
2749
2745
1300
1443
1467
1506
2648
1569
1659
2715
398
2263
2387
2514
2592
1697
2780
2943
144
2157
2107
1854
783
1688
1
1497
1099
1025
723
879
835
111
40
2691
1909
1004
2814
1830
1735
658
1176
2638
128
2577
1588
2402
1574
1522
1550
2235
2312
1071
2900
29
1777
634
867
2297
1510
1939
2807
1115
341
2717
2713
1156
1993
107
442
1639
2069
1850
1006
961
131
1975
338
1291
41
302
1233
510
2627
2013
1523
2705
2846
592
1726
1147
2776
638
2806
2123
2990
1511
156
2450
53
435
2659
1755
895
547
918
1500
2216
2369
959
909
1839
1434
1217
2181
458
2034
768
1607
2973
468
1302
2493
2105
874
2904
1787
1077
2910
1877
2890
583
1106
1786
186
170
2824
1324
1333
174
2495
325
1911
688
2525
1691
2532
683
2060
2552
2555
2578
2585
2587
1626
2621
2868
514
1785
900
2907
413
2278
720
417
1512
2247
1900
1504
394
1498
1563
1488
1479
2335
1592
378
2920
699
1583
1081
1907
2404
456
2166
169
465
2455
470
2762
2835
908
542
1175
132
2753
1878
2949
143
1102
1730
870
648
2947
209
1706
902
526
2812
255
253
1107
2757
1861
229
235
2155
2143
2131
438
1717
10
2928
2744
1590
1354
47
1960
2735
657
600
2268
1881
939
1020
2266
549
2293
724
713
601
158
640
90
430
1127
1831
1466
161
623
1138
554
2768
60
2764
2608
14
1277
183
1252
1221
1985
1602
307
1242
314
2573
1652
78
595
1173
2854
2600
260
980
2031
1784
17
1178
877
89
2496
281
481
2730
786
837
2629
599
2003
2007
660
503
1817
1746
1803
427
50
1842
564
1664
714
710
2041
1657
1759
1908
1593
1594
42
1714
479
474
1972
570
2082
2124
2075
2070
2134
1838
1950
649
488
537
2066
2173
625
1581
2201
598
439
2049
2213
1618
2215
2845
2501
333
863
1352
2474
2819
2463
2844
2504
1101
2867
2428
2406
1094
1092
1090
11
1200
282
1183
257
2695
2604
244
1227
2451
2563
802
227
2540
1135
1122
2508
74
1011
375
2964
730
2372
746
2357
976
2299
2374
120
2313
2929
1474
1049
2315
2952
2385
840
2754
535
9
1151
2955
847
1153
2950
1155
832
957
16
2981
1184
946
1198
2009
2650
2992
1014
2903
573
1788
1068
2893
2888
2886
2915
2876
614
4
869
2264
608
1929
556
2839
866
1935
147
1822
862
87
1119
2796
2791
2430
1599
2492
1326
2479
343
1489
2115
1358
2460
2125
1472
2431
2136
1493
2146
701
1409
1410
2168
2204
452
698
2183
1417
1580
2199
1449
103
1223
2256
2291
286
2596
31
1220
2576
508
681
495
403
2061
813
1516
2547
2067
1255
1211
487
2636
2536
722
1451
927
1461
702
966
1828
1477
727
995
1530
1390
1557
984
1754
1687
1189
824
809
1159
1624
1236
1244
842
848
1600
1799
1111
1355
868
770
1675
1782
875
876
1407
762
761
506
365
2415
2440
2461
2462
2481
2482
2045
502
2916
2098
2530
2016
1999
294
2625
119
2984
2646
1956
1953
2343
399
2290
2285
2957
2283
2274
397
412
2245
2332
2539
3
2229
2208
2202
2935
2195
2190
145
2106
538
2772
569
2760
232
1916
1922
1896
2787
1926
553
1934
1886
1885
2827
2826
2896
2825
39
2832
2848
541
272
1136
2383
1436
752
222
757
219
750
2855
2384
2305
2373
2813
2351
2803
742
1468
2811
2334
2302
2319
2809
2306
1275
164
277
1219
821
2898
810
1062
299
1179
304
1055
65
1473
1270
2686
2881
261
1283
2521
1310
1167
785
332
2698
1329
2731
337
2883
773
2741
1399
1611
2205
1802
1798
2167
1792
2969
576
2094
2084
2987
2054
2053
1840
1940
1646
1948
539
1668
1677
956
1720
655
1997
1711
2214
425
1825
1571
1529
1524
1548
2230
2997
30
2231
165
2692
1875
2668
1749
1751
1942
586
46
1745
589
591
1196
1867
650
2906
1718
284
2911
2860
2978
2612
942
1123
1130
1133
2793
849
2874
2801
858
1109
1901
940
1914
2894
861
1923
559
839
2727
2709
2701
1160
175
1766
585
2200
2068
1385
2071
1967
2918
765
151
2411
2399
2395
130
1435
1444
2073
982
1456
2226
901
428
1555
2951
2333
1528
2310
2307
716
2273
123
1969
1056
2002
2008
310
2980
1248
155
2296
2024
1382
2518
2055
1019
2465
1641
1325
2489
2047
1305
2977
1015
1844
2970
112
998
1001
1044
1037
1096
2927
969
1036
2932
2959
2048
2390
1447
1460
1463
2347
2346
2337
1513
1572
1576
2193
2097
1606
2393
2044
2043
2010
48
1965
1957
1721
1767
1915
1913
1893
1866
2603
2799
2783
2769
2732
1161
2693
2676
2656
1188
2651
2635
2616
2853
2590
2554
22
1263
1264
1295
2505
2464
1383
2426
2412
1432
285
358
815
811
356
88
291
349
906
620
543
907
772
734
262
336
798
303
856
687
136
140
418
643
298
632
787
203
321
1404
2077
2130
2138
97
1085
2160
453
1370
2225
2227
2237
778
1342
2254
419
372
574
1061
1058
1686
1689
707
1051
1770
1775
708
1818
611
1836
1879
1413
711
1073
534
1978
1981
735
736
521
1419
1418
505
2072
2742
301
2593
1210
2861
2602
872
1240
2660
2681
2712
190
245
75
2852
816
951
950
2756
1216
6
2804
205
2816
921
970
396
2309
2362
993
1316
2398
2443
2459
152
2515
1266
2524
2527
972
2533
1570
1192
818
1152
1603
844
1556
1617
1539
1229
54
1234
725
743
1457
1261
1395
1273
1278
1285
1357
1323
2076
1330
2655
420
2277
2298
2392
2394
2397
2476
2488
2502
320
2545
2622
2637
2246
2746
2775
208
2810
2820
2830
173
163
2942
2972
2974
2
1992
669
1666
1680
1704
1739
630
1807
1919
545
1952
531
1974
1645
1996
2011
2022
92
2025
926
463
2149
2154
2188
2207
2240
73
1002
986
973
1032
1017
1074
944
894
897
1113
2260
674
997
71
2865
885
1630
464
312
1892
1648
18
241
393
2529
1899
1897
1656
578
242
515
1595
518
1597
8
2630
2773
2165
2786
1601
1998
1064
1469
1990
206
287
1495
1612
2191
967
527
1205
96
1973
2089
1257
2486
1884
1423
2956
1562
2962
2080
845
2389
1712
2971
1406
1258
2976
2103
2093
1551
1776
645
767
2447
2702
1121
101
2996
2360
2116
754
2925
2111
1845
324
911
1865
1360
2361
270
1573
2057
331
2945
2490
1880
1289
2438
712
883
13
2117
1069
1540
278
1542
2110
274
2680
2640
2641
1377
2513
2339
2350
1362
759
2375
334
2381
2480
1442
26
2408
2418
1384
2425
987
2452
2437
1393
913
915
2174
788
1499
1319
432
1478
739
2287
454
1335
2304
2541
1453
1344
1347
1348
2519
1208
1690
551
1962
141
1826
2841
1114
2840
2870
1812
1980
941
1986
133
618
656
2966
2892
1670
932
1869
579
1895
1672
828
1177
1045
1653
1906
1676
602
149
1685
664
1841
2986
1586
237
2802
2737
1724
2983
1764
1249
2028
2729
695
1575
499
2087
2995
1552
1226
1237
2785
1713
1026
1235
2763
1736
45
1427
1756
1426
1422
1397
1671
2092
364
1809
1733
1698
1684
604
61
1433
1783
1722
2370
1403
1723
2019
57
1609
729
1501
1989
1502
685
519
2151
513
2017
1496
1525
692
500
35
95
703
2078
1554
1544
2091
1637
387
2314
1454
572
571
1038
558
1638
747
1079
2320
1931
2251
38
1007
1619
429
1063
443
1492
449
1290
1254
851
871
1209
1158
196
2566
838
2960
937
936
1100
2598
2516
1145
2657
2520
823
2694
2884
316
138
794
181
137
2771
983
2989
2591
2610
157
1241
1124
833
63
1314
1126
2449
339
122
834
1376
1910
1187
451
1532
250
792
2618
178
2127
962
2649
1180
1508
1667
457
829
2899
2164
1658
1174
1103
2052
2722
679
2036
943
1582
2733
2023
1984
2795
865
2758
2015
2759
2004
2777
2774
1628
2879
2859
475
1632
919
1269
189
1863
1917
797
1035
675
1959
704
817
2849
1976
928
2526
389
1703
