30404
79681
50544
98604
90241
4334
67315
25961
2877
26945
65257
28556
88249
26003
50227
15327
31578
38480
12910
3703
37291
25
34
119
243
350
359
389
398
430
431
491
665
703
772
787
804
821
881
925
962
1041
1059
1119
1176
1216
1395
1427
1443
1450
1502
1537
1604
1651
1687
1690
1733
1744
1762
1867
1925
2049
2217
2222
2371
2434
2457
2599
2659
2726
2758
2817
2856
2888
2952
3033
3038
3133
3175
3210
3259
3300
3411
3467
3479
3540
3573
3724
3747
3768
3826
3938
4045
4067
4280
4324
4326
4367
4429
4451
4457
4531
4555
4574
4627
4670
4689
4690
4797
4798
4811
4819
4927
4942
4953
4957
4965
5019
5062
5079
5145
5316
5404
5513
5532
5561
5630
5844
5866
5874
5926
5936
5958
5974
6037
6069
6098
6156
6286
6315
6438
6548
6555
6641
6704
6818
6827
6903
6929
7048
7083
7185
7293
7298
7371
7403
7420
7448
7485
7497
7502
7586
7630
7638
7650
7667
7690
7730
7809
7822
7841
7885
7964
8040
8105
8183
8207
8324
8340
8394
8485
8557
8568
8607
8779
8790
8820
8835
8860
8878
8940
8950
8963
9046
9078
9102
9111
9149
9224
9302
9311
9368
9389
9460
9483
9537
9546
9726
9743
9771
9791
9875
10073
10105
10149
10308
10375
10378
10403
10415
10428
10459
10527
10555
10698
10768
10832
10859
10949
10965
11035
11104
11182
11223
11230
11318
11384
11409
11424
11428
11537
11629
11634
11644
11653
11813
11826
11836
11868
11921
11949
11978
12023
12092
12111
12195
12216
12301
12324
12371
12390
12469
12495
12675
12685
12728
12783
12786
12845
12895
13094
13122
13138
13177
13268
13277
13278
13304
13317
13345
13433
13504
13708
13713
13744
13790
13856
13875
13879
13888
13973
13983
14057
14114
14143
14145
14187
14198
14296
14361
14392
14428
14619
14710
14799
14835
14847
14855
14931
14934
14941
14969
15094
15154
15155
15185
15273
15338
15547
15558
15675
15717
15775
15777
15793
15804
15814
15882
15908
15926
15931
15961
16048
16167
16220
16223
16243
16350
16393
16425
16542
16625
16637
16641
16665
16698
16731
16760
16800
16808
16905
16934
17192
17208
17294
17297
17378
17381
17382
17528
17531
17539
17611
17772
17881
17921
17949
17979
17984
18024
18112
18259
18277
18300
18398
18481
18520
18601
18623
18680
18682
18691
18766
18852
18864
18927
18934
18937
18964
19037
19054
19073
19145
19227
19254
19299
19379
19434
19436
19487
19489
19596
19641
19642
19648
19693
19724
19773
19808
19821
20025
20036
20119
20141
20174
20181
20292
20313
20318
20334
20379
20468
20491
20550
20637
20661
20663
20743
20754
20788
20790
20880
20941
20966
21024
21191
21192
21215
21243
21315
21347
21558
21586
21607
21630
21631
21696
21729
21731
21737
21749
21777
21813
21860
21912
22111
22194
22243
22263
22284
22346
22378
22387
22405
22443
22553
22560
22577
22602
22673
22724
22795
22846
22847
22897
22954
22964
22978
23091
23146
23151
23171
23193
23206
23246
23265
23270
23425
23471
23537
23538
23559
23573
23604
23610
23712
23726
23859
23868
23894
23904
23979
24058
24158
24164
24238
24308
24309
24330
24384
24482
24490
24572
24574
24577
24647
24684
24693
24732
24760
24840
24897
24916
24937
25066
25209
25262
25350
25382
25482
25521
25524
25567
25686
25732
25824
25901
25902
26126
26205
26219
26300
26311
26347
26388
26412
26417
26435
26502
26605
26638
26643
26644
26660
26665
26758
26926
26988
27024
27045
27055
27197
27305
27355
27358
27363
27394
27464
27493
27556
27660
27669
27682
27711
27712
27769
27824
27925
27986
28002
28022
28102
28109
28130
28240
28278
28390
28441
28458
28465
28487
28493
28506
28864
28927
28988
29013
29021
29080
29169
29191
29214
29279
29341
29379
29422
29433
29482
29487
29488
29517
29552
29570
29574
29622
29700
29719
29751
29857
29888
29950
30094
30106
30110
30121
30133
30142
30146
30170
30211
30282
30285
30347
30380
30432
30614
30656
30776
30824
30900
30954
31093
31169
31266
31334
31344
31451
31476
31489
31518
31613
31634
31643
31647
31690
31692
31713
31715
31726
31821
31832
31873
31964
31987
32041
32059
32111
32251
32324
32354
32368
32398
32447
32557
32566
32601
32715
32733
32759
32848
32872
32939
33008
33102
33333
33425
33433
33503
33520
33677
33758
33820
33887
33968
33991
34076
34117
34150
34223
34231
34232
34346
34405
34501
34526
34541
34578
34633
34637
34642
34646
34647
34758
34761
34805
34894
34960
35020
35034
35067
35095
35123
35149
35282
35287
35291
35375
35401
35419
35458
35473
35508
35524
35525
35555
35686
35701
35841
35887
35924
35931
35966
36062
36110
36127
36143
36256
36323
36597
36712
36741
36743
36759
36823
36828
36899
36924
36939
36964
37013
37075
37108
37139
37152
37164
37264
37333
37366
37374
37428
37448
37489
37506
37582
37620
37667
37676
37792
37825
37907
37908
37952
37984
38007
38052
38079
38115
38144
38172
38208
38236
38266
38315
38316
38371
38425
38459
38486
38534
38561
38713
38729
38745
38757
38786
38870
38892
38908
38921
38922
38970
38991
39090
39095
39251
39262
39331
39352
39367
39398
39411
39436
39487
39548
39757
39904
39920
39927
39948
39956
39997
40002
40035
40163
40231
40293
40344
40361
40391
40421
40456
40530
40541
40683
40686
40740
40830
40831
40866
40875
40881
40889
40910
40911
40916
40930
40946
40951
41005
41028
41067
41080
41125
41146
41186
41216
41260
41268
41306
41359
41384
41397
41502
41517
41524
41609
41624
41676
41839
41887
41911
41917
41952
41993
42136
42151
42169
42172
42236
42271
42289
42485
42501
42518
42551
42595
42651
42710
42754
42821
42828
42910
42971
43127
43168
43233
43240
43248
43257
43341
43346
43351
43442
43486
43500
43520
43533
43587
43589
43705
43849
44018
44145
44190
44226
44228
44282
44312
44486
44487
44609
44618
44688
44765
44787
44796
44801
44897
45075
45107
45117
45183
45210
45303
45359
45396
45419
45636
45637
45729
45799
45801
45814
45847
45888
46011
46030
46097
46100
46110
46159
46177
46234
46259
46298
46302
46308
46339
46420
46423
46441
46453
46489
46513
46572
46630
46680
46687
46699
46732
46783
46808
46816
46833
46890
46902
46916
46938
46968
46973
46978
47000
47194
47260
47351
47406
47423
47498
47506
47547
47723
47791
47797
47862
47875
47897
47907
47914
47990
48059
48067
48146
48188
48210
48265
48328
48401
48415
48442
48463
48469
48502
48507
48509
48586
48623
48793
48799
48818
48873
48877
48985
49035
49073
49123
49126
49135
49141
49165
49290
49309
49419
49461
49534
49585
49642
49650
49662
49778
49797
49825
49844
49888
49943
49984
50010
50016
50042
50054
50065
50095
50099
50171
50188
50204
50212
50290
50379
50439
50493
50513
50546
50564
50565
50578
50584
50644
50672
50673
50740
50753
50823
50845
50965
51049
51150
51202
51353
51358
51380
51383
51401
51436
51452
51491
51497
51528
51541
51552
51596
51632
51663
51675
51791
51801
51809
51869
51923
51933
51968
52026
52082
52099
52127
52182
52200
52209
52242
52252
52300
52413
52416
52472
52487
52558
52583
52650
52700
52711
52720
52812
52839
52854
52881
52951
52964
52992
53031
53064
53069
53193
53220
53329
53333
53382
53542
53544
53554
53603
53644
53650
53712
53792
53816
53819
53826
53834
53844
53866
53966
53997
54021
54065
54085
54091
54101
54136
54303
54372
54410
54495
54515
54716
54752
54787
54887
54975
54988
55029
55104
55178
55254
55269
55300
55325
55361
55410
55424
55484
55507
55556
55678
55725
55774
55800
55801
55883
56010
56103
56141
56190
56209
56345
56380
56417
56456
56500
56520
56531
56543
56550
56557
56611
56624
56706
56772
56835
56913
57026
57073
57092
57119
57188
57300
57326
57378
57411
57433
57445
57478
57738
57823
57863
58079
58124
58133
58169
58246
58284
58303
58421
58426
58555
58556
58602
58658
58688
58730
58734
58754
58758
58762
58822
58838
58846
58903
58910
58931
58935
58943
58983
59168
59297
59317
59325
59330
59341
59381
59428
59484
59683
59851
59870
59917
59942
59962
60030
60067
60087
60105
60120
60173
60224
60241
60273
60311
60331
60411
60524
60620
60666
60750
60763
60775
60801
60868
60910
60933
60941
61030
61034
61084
61092
61267
61409
61457
61465
61504
61506
61508
61554
61558
61568
61615
61626
61642
61666
61692
61702
61755
61985
62047
62079
62120
62170
62276
62289
62315
62354
62429
62488
62592
62602
62618
62665
62705
62746
62751
62769
62806
62879
63116
63167
63220
63257
63373
63395
63463
63631
63646
63751
63753
63820
63831
63847
63921
63923
64000
64092
64170
64188
64203
64242
64262
64347
64364
64410
64465
64562
64580
64612
64681
64756
64793
64888
64901
64929
64930
64937
65006
65084
65117
65205
65219
65253
65366
65386
65424
65437
65529
65555
65697
65701
65713
65739
65778
65876
65882
65902
65938
65949
65974
65985
66024
66110
66176
66186
66206
66246
66337
66373
66426
66432
66491
66520
66533
66536
66538
66646
66661
66668
66694
66701
66713
66750
66800
66803
66969
66998
67088
67119
67123
67185
67258
67342
67407
67431
67464
67553
67593
67601
67613
67755
67768
67778
67785
67854
67900
67966
67968
67980
68086
68094
68113
68208
68218
68240
68272
68297
68323
68386
68441
68524
68535
68540
68554
68590
68610
68632
68695
68827
68835
68921
68965
68977
69029
69197
69236
69239
69240
69251
69252
69288
69349
69362
69453
69456
69521
69531
69544
69565
69590
69686
69706
69723
69778
69816
69836
69937
69994
70012
70018
70028
70034
70037
70075
70077
70172
70212
70256
70349
70409
70413
70441
70459
70462
70474
70576
70656
70794
70874
70919
70968
71002
71087
71125
71180
71199
71233
71239
71288
71303
71363
71478
71484
71518
71535
71566
71588
71638
71702
71705
71784
71807
71809
71840
71891
72064
72126
72150
72152
72170
72173
72216
72287
72294
72421
72506
72564
72607
72638
72653
72660
72678
72691
72695
72726
72742
72936
72982
72997
73067
73149
73154
73172
73200
73220
73238
73250
73261
73286
73298
73387
73416
73492
73611
73674
73694
73748
73773
73805
73819
73821
73861
73893
73942
73952
73966
74032
74033
74167
74319
74325
74347
74379
74381
74396
74400
74422
74598
74608
74761
74840
74844
74949
75036
75069
75076
75173
75342
75360
75366
75370
75558
75670
75701
75710
75716
75735
75821
75859
76128
76137
76143
76146
76271
76289
76340
76514
76700
76705
76733
76737
76743
76754
76803
76805
76838
76893
76962
76975
76986
77004
77007
77010
77055
77157
77207
77220
77307
77311
77410
77432
77528
77539
77555
77677
77706
77738
77755
77774
77825
77865
77937
77978
77985
78118
78174
78323
78343
78375
78399
78472
78481
78486
78540
78554
78659
78721
78757
78758
78778
78780
78783
78793
78825
78837
78894
78951
78997
79004
79087
79134
79202
79229
79231
79299
79335
79415
79537
79693
79747
79750
79767
79768
79770
79776
79804
79856
79894
79990
80004
80024
80096
80147
80162
80168
80191
80315
80347
80512
80528
80539
80574
80608
80628
80675
80687
80808
80860
81100
81289
81387
81445
81472
81534
81548
81673
81685
81711
81729
81763
81817
81848
81879
81882
82027
82029
82190
82205
82248
82249
82285
82296
82313
82434
82481
82497
82504
82535
82539
82551
82632
82699
82710
82730
82835
82891
82930
82974
82994
83162
83181
83272
83346
83384
83434
83487
83574
83600
83687
83706
83707
83739
83784
83803
83847
83849
83882
83891
83919
83957
83990
84142
84167
84189
84249
84257
84294
84306
84313
84355
84429
84442
84452
84518
84583
84589
84596
84607
84732
84745
84862
84876
84987
85035
85043
85045
85216
85325
85351
85354
85427
85446
85607
85816
85881
86026
86030
86043
86059
86080
86101
86102
86114
86121
86145
86171
86194
86212
86349
86383
86424
86461
86476
86534
86578
86583
86637
86694
86722
86751
86790
86800
86831
86835
86896
86936
87055
87067
87080
87118
87170
87248
87285
87315
87365
87426
87470
87482
87495
87593
87612
87665
87667
87704
87740
87757
87774
87820
87986
87990
88021
88046
88068
88078
88090
88123
88162
88214
88262
88325
88529
88564
88648
88783
88788
88807
88815
88835
88871
88894
88910
88912
89001
89081
89131
89181
89235
89237
89301
89310
89315
89327
89417
89471
89485
89493
89544
89635
89666
89697
89791
89822
89868
89892
89916
89951
89986
89996
90115
90148
90224
90324
90340
90389
90478
90502
90548
90568
90617
90661
90693
90709
90726
90737
90756
91049
91186
91200
91203
91215
91265
91301
91355
91445
91450
91475
91527
91605
91647
91655
91731
91767
91826
91843
91860
91915
91972
91979
92016
92045
92101
92116
92144
92185
92204
92266
92267
92277
92291
92334
92423
92607
92612
92668
92693
92726
92757
92770
92780
92892
92911
92967
92985
93013
93023
93026
93066
93112
93122
93147
93161
93176
93210
93237
93292
93307
93312
93324
93341
93430
93580
93649
93664
93666
93683
93710
93739
93882
93886
93896
93917
94045
94051
94058
94103
94113
94150
94251
94306
94426
94434
94469
94483
94507
94523
94547
94593
94598
94600
94642
94656
94671
94676
94693
94901
94932
94941
94957
94978
95028
95072
95084
95135
95151
95169
95172
95247
95294
95399
95468
95486
95508
95615
95640
95685
95700
95766
95835
95872
95879
95912
96005
96143
96170
96178
96196
96212
96354
96364
96516
96546
96589
96591
96618
96744
96822
96827
96869
96870
96882
96905
96962
97003
97024
97049
97059
97092
97123
97145
97241
97272
97294
97299
97319
97416
97427
97447
97451
97478
97630
97701
97715
97773
97798
97856
97930
97962
98082
98136
98193
98196
98236
98267
98275
98368
98457
98462
98580
98624
98682
98721
98741
98746
98852
98859
98904
98936
98957
98983
99197
99214
99227
99265
99282
99316
99365
99392
99398
99441
99647
99703
99720
99736
99781
99784
99898
99901
99908
99920
99938
99949
99969
99990
4
71
114
157
158
174
253
284
304
453
506
508
520
619
628
637
640
810
818
822
870
910
927
931
955
964
1052
1281
1518
1591
1609
1644
1682
1707
1781
1887
1940
1948
2052
2150
2159
2190
2193
2247
2332
2353
2388
2427
2454
2481
2546
2581
2583
2591
2630
2687
2728
2732
2796
2872
2904
3034
3105
3156
3282
3288
3308
3330
3336
3412
3471
3487
3494
3515
3557
3570
3636
3728
3782
3916
4019
4058
4097
4107
4212
4216
4256
4295
4348
4524
4583
4591
4638
4710
4746
4791
4801
4824
4887
4896
5010
5097
5121
5138
5189
5427
5494
5667
5672
5681
5713
5816
5840
5897
5898
5901
5992
6054
6222
6259
6390
6418
6552
6564
6626
6681
6716
6725
6844
6912
6955
6979
6981
7001
7030
7040
7098
7191
7201
7203
7208
7274
7282
7330
7354
7397
7474
7530
7564
7566
7588
7691
7702
7716
7756
7804
7811
7923
7932
7983
8174
8238
8289
8296
8312
8372
8379
8535
8566
8602
8652
8709
8756
8797
8866
8946
8957
9008
9027
9069
9161
9194
9300
9357
9379
9385
9422
9497
9527
9548
9550
9619
9674
9785
9934
9955
10025
10040
10053
10158
10187
10201
10330
10350
10360
10367
10687
10831
10877
10957
10974
11084
11109
11140
11192
11237
11248
11253
11264
11291
11305
11373
11397
11399
11420
11427
11491
11673
11707
11807
11876
11967
11981
12024
12060
12101
12107
12175
12234
12255
12274
12281
12325
12339
12387
12403
12408
12437
12442
12485
12572
12595
12606
12626
12693
12976
13002
13057
13079
13198
13236
13247
13427
13432
13438
13447
13461
13466
13494
13706
13734
13756
13808
13815
14009
14040
14125
14147
14156
14236
14297
14311
14389
14399
14445
14452
14454
14459
14578
14618
14625
14656
14703
14773
14789
14833
14856
14887
14922
14971
15028
15034
15055
15089
15184
15194
15199
15395
15404
15427
15584
15692
15731
15875
15915
16020
16106
16115
16169
16446
16467
16502
16605
16606
16660
16724
16866
16883
16898
16983
17011
17022
17045
17140
17142
17150
17158
17230
17248
17331
17417
17425
17469
17508
17522
17538
17545
17560
17682
17870
17942
18030
18036
18253
18272
18376
18405
18477
18521
18555
18581
18598
18689
18774
18810
18847
18877
18960
19020
19022
19034
19128
19230
19268
19300
19349
19382
19420
19443
19457
19524
19602
19607
19621
19708
19819
19876
19955
20057
20095
20149
20163
20188
20262
20343
20524
20542
20640
20768
20814
20825
20851
20870
20872
20881
20948
20951
20994
21019
21020
21031
21052
21138
21176
21226
21266
21304
21441
21584
21722
21762
21798
21812
21881
21924
21995
22001
22027
22136
22137
22192
22222
22227
22280
22295
22336
22420
22446
22487
22641
22677
22773
22814
22818
22821
22852
22955
22983
23006
23183
23185
23196
23202
23274
23331
23453
23467
23497
23597
23658
23710
23838
23855
23888
23889
23923
24018
24035
24044
24051
24077
24122
24239
24249
24290
24329
24402
24405
24417
24432
24451
24452
24548
24612
24640
24664
24759
24765
24766
24769
24779
24793
24801
24874
24962
25046
25128
25180
25201
25210
25250
25300
25332
25355
25370
25461
25493
25507
25541
25611
25667
25730
25735
25840
25874
25880
25883
25893
25922
26163
26264
26292
26352
26452
26461
26472
26604
26618
26633
26639
26669
26675
26732
26740
26847
26856
26897
27056
27121
27216
27297
27310
27341
27461
27471
27509
27520
27552
27578
27584
27602
27635
27646
27742
27889
27914
27926
27999
28010
28217
28226
28265
28292
28394
28403
28405
28437
28476
28534
28606
28709
28718
28829
29003
29019
29042
29141
29179
29285
29297
29360
29390
29453
29454
29479
29486
29519
29529
29554
29618
29673
29730
29739
29743
29803
29828
29936
29937
30067
30111
30119
30183
30257
30427
30467
30475
30503
30583
30585
30655
30669
30678
30704
30783
30805
30825
30925
30927
30985
31041
31073
31075
31168
31179
31185
31242
31269
31279
31314
31323
31370
31474
31509
31616
31663
31689
31717
31828
31857
31890
31937
31995
32019
32022
32028
32055
32226
32374
32403
32520
32580
32667
32729
32742
32864
32871
32881
32911
32933
32936
32993
33001
33063
33169
33184
33219
33285
33303
33337
33450
33492
33521
33530
33589
33638
33674
33692
33728
33745
33765
33776
33781
33935
33992
34002
34062
34159
34163
34191
34206
34311
34314
34336
34376
34419
34538
34577
34602
34699
34738
34776
34816
34834
34891
34908
34966
35010
35023
35049
35093
35113
35155
35183
35206
35299
35406
35407
35453
35526
35585
35771
35774
35839
35905
35967
35972
35973
36077
36079
36103
36118
36124
36269
36343
36353
36363
36377
36456
36467
36473
36515
36546
36619
36649
36682
36726
36736
36781
36808
36815
36881
36886
36902
36979
36995
37024
37033
37175
37183
37207
37331
37518
37636
37775
37810
37835
37881
37894
37928
37992
38087
38134
38516
38545
38562
38685
38744
38746
38865
38868
38927
38934
38948
39024
39042
39117
39137
39240
39382
39424
39448
39484
39485
39541
39542
39587
39615
39712
39789
39837
39868
39878
39935
39949
39999
40010
40022
40062
40069
40114
40139
40230
40245
40312
40346
40349
40362
40376
40574
40577
40602
40644
40663
40694
40699
40715
40844
40907
40988
41123
41215
41301
41363
41433
41458
41530
41605
41652
41655
41685
41702
41707
41786
41806
41829
41892
41925
41938
42047
42054
42077
42181
42213
42238
42251
42255
42260
42301
42502
42531
42547
42577
42599
42755
42835
42857
42930
42988
43028
43053
43066
43160
43234
43237
43252
43258
43293
43305
43312
43535
43569
43658
43674
43679
43715
43736
43762
43784
43816
43853
43874
43900
43918
43980
43985
44022
44173
44179
44290
44317
44360
44393
44427
44457
44496
44531
44694
44799
44876
44898
44953
45072
45222
45237
45300
45311
45339
45497
45540
45541
45628
45745
45760
45775
45828
45851
45859
45882
46079
46086
46138
46155
46158
46176
46194
46215
46264
46300
46403
46416
46537
46565
46571
46686
46701
46731
46769
46823
46842
46870
46895
46899
46924
46958
46962
46972
47062
47099
47210
47355
47366
47373
47416
47546
47552
47617
47619
47686
47701
47728
47734
47769
47803
47808
47812
47835
47898
47908
48007
48124
48208
48254
48279
48319
48322
48362
48381
48492
48529
48580
48614
48653
48657
48665
48667
48668
48689
48695
48737
48759
48783
48789
48809
48839
48911
48937
48999
49067
49068
49074
49100
49129
49272
49370
49375
49413
49415
49431
49477
49554
49564
49703
49705
49749
49782
49882
49905
49908
49948
50025
50029
50094
50136
50162
50222
50253
50311
50321
50325
50329
50420
50454
50466
50486
50562
50824
50841
50879
50918
50945
51097
51122
51176
51180
51232
51259
51302
51317
51382
51408
51412
51515
51587
51617
51659
51706
51771
51785
51824
51847
51975
51994
52111
52149
52207
52232
52241
52262
52302
52323
52328
52461
52483
52489
52539
52546
52618
52619
52625
52681
52715
52717
52724
52778
52818
52822
52865
52934
53103
53112
53152
53167
53175
53371
53427
53440
53442
53519
53704
53729
53791
53815
53851
53895
53903
53987
53992
54209
54241
54261
54289
54327
54378
54532
54547
54575
54603
54717
54768
54778
54793
54834
54904
55040
55049
55095
55105
55110
55145
55266
55272
55329
55363
55374
55438
55578
55583
55600
55629
55650
55652
55664
55665
55687
55706
55740
55756
55849
55853
55885
55889
55894
56040
56043
56137
56144
56215
56258
56273
56280
56284
56337
56430
56458
56478
56580
56696
56698
56749
56874
56895
57000
57024
57030
57121
57173
57183
57236
57237
57278
57293
57313
57328
57354
57475
57498
57512
57597
57617
57649
57681
57702
57777
57821
57873
57878
57888
57898
57911
57970
57977
57981
58130
58167
58185
58202
58234
58244
58280
58326
58348
58388
58400
58407
58427
58655
58753
58770
58928
58952
58993
59001
59027
59034
59093
59124
59143
59145
59161
59186
59189
59208
59220
59286
59335
59396
59416
59567
59577
59579
59646
59663
59684
59747
59750
59784
59809
59912
59918
59985
59987
60029
60042
60072
60143
60365
60376
60511
60515
60561
60592
60623
60645
60817
60819
60849
60963
60971
60980
60982
61129
61138
61159
61175
61231
61239
61308
61328
61354
61373
61394
61583
61680
61747
61846
61849
61866
61980
62071
62082
62095
62122
62140
62180
62231
62267
62271
62303
62308
62311
62370
62375
62380
62408
62506
62604
62702
62766
62881
63012
63029
63072
63101
63132
63136
63145
63188
63301
63303
63323
63347
63362
63509
63647
63660
63698
63715
63740
63802
63840
63841
63869
63905
63959
64036
64099
64130
64210
64227
64243
64249
64257
64310
64318
64363
64385
64394
64419
64436
64513
64574
64614
64719
64755
64799
64812
64831
64916
64983
65081
65220
65233
65272
65377
65447
65472
65499
65508
65513
65565
65626
65703
65729
65730
65741
65744
65823
65886
65909
65995
66003
66050
66057
66069
66109
66141
66183
66184
66185
66187
66188
66224
66240
66283
66293
66301
66333
66390
66448
66501
66537
66563
66784
66799
66864
66867
66889
66890
66901
66933
66940
66954
66956
66964
66980
67099
67125
67184
67246
67309
67326
67376
67455
67480
67531
67694
67746
67782
67810
67828
67878
67898
67923
67978
68003
68031
68065
68091
68114
68230
68236
68249
68314
68351
68374
68627
68642
68675
68842
68854
68927
69012
69049
69119
69187
69235
69258
69267
69274
69343
69388
69417
69468
69514
69524
69657
69673
69674
69695
69698
69708
69713
69728
69752
69753
69839
69845
69915
70003
70074
70080
70125
70139
70153
70197
70248
70266
70385
70419
70423
70440
70539
70543
70578
70603
70635
70687
70699
70813
70876
70882
70916
70940
71057
71129
71207
71210
71257
71311
71312
71392
71404
71502
71589
71618
71636
71657
71745
71833
71854
71872
71936
72023
72030
72082
72111
72183
72204
72295
72335
72424
72569
72583
72599
72647
72712
72746
72802
72823
72864
72976
72980
72993
73006
73118
73171
73179
73242
73265
73313
73353
73406
73444
73472
73511
73517
73518
73578
73588
73656
73906
74179
74250
74264
74272
74313
74358
74462
74464
74478
74625
74699
74717
74735
74740
74777
74794
74881
74910
74928
74967
74994
75018
75035
75037
75102
75199
75207
75235
75308
75324
75427
75448
75472
75491
75575
75594
75597
75619
75645
75678
75681
75749
75832
75894
75906
75930
75957
75970
75980
75992
76152
76173
76260
76354
76429
76487
76515
76532
76570
76596
76655
76661
76839
76918
77025
77114
77145
77161
77170
77176
77265
77302
77453
77499
77537
77546
77598
77603
77613
77628
77687
77711
77717
77822
77892
77936
77995
78028
78072
78206
78240
78268
78332
78376
78393
78519
78592
78594
78604
78687
78739
78786
78792
78858
78953
79069
79108
79200
79220
79224
79235
79244
79294
79371
79429
79458
79499
79509
79511
79534
79556
79616
79698
79736
79846
79867
79970
79971
79980
80052
80067
80094
80112
80164
80178
80225
80229
80245
80286
80311
80350
80353
80475
80621
80623
80649
80776
80779
80941
80949
80966
80977
81053
81297
81311
81371
81397
81426
81480
81611
81617
81700
81727
81758
81791
81811
81815
81836
82005
82037
82052
82054
82078
82147
82171
82218
82261
82337
82408
82435
82487
82645
82687
82725
82741
82846
82921
83021
83086
83093
83172
83173
83328
83361
83408
83410
83412
83501
83502
83526
83537
83539
83573
83583
83607
83632
83737
83761
83816
84056
84060
84061
84090
84117
84132
84159
84397
84466
84614
84651
84659
84730
84740
84819
84873
84891
84950
85158
85176
85209
85377
85399
85461
85483
85509
85541
85564
85650
85740
85757
85758
85773
85825
85892
85944
85960
85974
86032
86064
86071
86154
86164
86226
86233
86264
86279
86357
86550
86753
86758
86804
86823
86880
86926
86938
86943
87126
87130
87206
87358
87408
87528
87539
87569
87677
87695
88142
88154
88155
88201
88205
88220
88268
88306
88409
88442
88455
88459
88462
88475
88479
88508
88693
88717
88813
88862
88863
88865
88948
88979
89039
89054
89092
89112
89125
89136
89149
89173
89359
89366
89381
89388
89469
89476
89553
89561
89577
89625
89689
89693
89715
89797
89897
89952
89976
90128
90130
90132
90160
90240
90292
90336
90373
90393
90396
90408
90450
90505
90536
90581
90609
90640
90658
90706
90755
90763
90813
90842
90983
91012
91082
91104
91183
91252
91281
91361
91373
91381
91418
91481
91532
91559
91621
91637
91733
91789
91802
91849
92000
92139
92149
92176
92221
92273
92331
92344
92380
92389
92411
92453
92458
92518
92524
92525
92545
92680
92683
92700
92743
92823
92825
92832
92930
92936
92976
92992
93058
93059
93062
93079
93119
93153
93217
93260
93360
93413
93562
93565
93751
93858
93870
93939
94072
94101
94223
94259
94281
94290
94410
94428
94437
94444
94490
94550
94602
94675
94745
94750
94798
94808
94813
94816
94824
94837
94840
94854
94904
95156
95166
95188
95263
95277
95359
95638
95694
95698
95714
95734
95809
95829
95891
95893
95903
95950
95973
96059
96139
96164
96223
96261
96379
96519
96631
96651
96817
96818
96823
96921
96950
97015
97058
97101
97152
97157
97176
97188
97193
97205
97316
97333
97355
97356
97369
97449
97520
97551
97624
97721
97947
97957
98150
98158
98184
98225
98386
98424
98440
98482
98499
98541
98581
98601
98605
98687
98728
98749
98798
98806
98858
98867
98879
98926
98932
98975
99018
99060
99177
99380
99384
99493
99512
99518
99524
99594
99745
99762
99819
99843
99868
99909
99932
99953
99970
3
6
14
16
19
24
29
45
50
53
54
74
76
77
81
83
86
92
101
107
108
122
123
131
152
159
165
169
171
184
186
192
203
220
224
226
232
262
302
308
313
321
323
324
327
331
339
345
348
349
351
356
373
380
388
406
411
412
465
467
481
486
492
549
562
615
621
642
643
647
650
652
658
688
690
693
695
696
700
702
717
727
732
765
770
782
792
794
808
824
827
846
874
898
918
923
933
966
990
1000
1003
1006
1010
1024
1025
1027
1067
1077
1088
1096
1106
1121
1127
1138
1141
1143
1148
1171
1178
1196
1197
1201
1203
1220
1230
1234
1239
1240
1248
1251
1257
1258
1271
1321
1345
1359
1361
1378
1409
1411
1438
1451
1461
1492
1493
1494
1506
1508
1514
1515
1538
1540
1548
1556
1574
1582
1584
1587
1615
1618
1649
1666
1670
1688
1701
1709
1719
1721
1725
1734
1745
1754
1769
1775
1787
1801
1806
1815
1817
1819
1823
1831
1835
1850
1852
1855
1869
1874
1901
1902
1928
1934
1951
1962
1970
1979
1985
1987
2035
2051
2055
2063
2081
2091
2094
2106
2129
2135
2146
2165
2168
2174
2182
2186
2191
2198
2210
2211
2212
2215
2251
2255
2296
2302
2322
2324
2338
2345
2357
2365
2397
2409
2412
2421
2422
2441
2442
2444
2455
2461
2492
2495
2513
2520
2540
2547
2593
2598
2609
2615
2617
2625
2626
2631
2654
2677
2685
2694
2700
2711
2725
2729
2740
2741
2748
2757
2762
2767
2774
2783
2786
2813
2837
2840
2854
2882
2893
2903
2908
2916
2931
2950
2957
2964
2971
2999
3020
3024
3029
3035
3048
3055
3058
3059
3061
3064
3076
3100
3134
3147
3158
3178
3199
3205
3207
3208
3216
3221
3224
3235
3241
3252
3268
3273
3285
3293
3299
3303
3304
3321
3326
3343
3345
3348
3358
3361
3385
3388
3401
3409
3418
3419
3433
3442
3448
3452
3458
3472
3491
3509
3513
3523
3529
3542
3547
3554
3560
3563
3581
3583
3592
3595
3598
3601
3604
3644
3645
3648
3649
3661
3713
3714
3715
3736
3741
3746
3779
3781
3788
3793
3805
3812
3816
3834
3839
3844
3867
3870
3874
3883
3902
3921
3929
3939
3943
3954
3965
3975
3993
3997
4004
4023
4025
4039
4044
4068
4072
4079
4083
4096
4102
4103
4114
4128
4129
4142
4147
4149
4159
4160
4163
4164
4169
4176
4178
4180
4181
4200
4204
4231
4246
4253
4255
4258
4272
4285
4296
4297
4302
4308
4320
4327
4341
4343
4344
4358
4364
4369
4386
4402
4410
4420
4436
4439
4441
4442
4447
4448
4450
4462
4466
4467
4475
4477
4486
4487
4496
4512
4518
4522
4533
4537
4543
4552
4556
4580
4581
4604
4621
4631
4632
4633
4656
4658
4660
4669
4683
4685
4699
4700
4723
4726
4744
4756
4760
4763
4766
4785
4821
4837
4845
4850
4861
4862
4868
4869
4879
4890
4898
4910
4914
4936
4939
4959
4978
4982
4986
4995
5008
5016
5018
5026
5035
5049
5050
5051
5052
5069
5070
5083
5085
5092
5101
5103
5105
5116
5123
5128
5152
5168
5171
5182
5191
5213
5214
5227
5239
5242
5245
5248
5249
5255
5259
5266
5280
5284
5293
5294
5325
5330
5348
5353
5363
5369
5370
5376
5378
5383
5408
5412
5413
5414
5415
5432
5436
5438
5455
5463
5466
5477
5501
5523
5525
5528
5536
5539
5547
5551
5575
5576
5579
5591
5594
5621
5632
5650
5684
5718
5731
5733
5748
5778
5800
5818
5821
5832
5839
5854
5865
5879
5893
5905
5922
5927
5943
5946
5952
5961
5983
5991
5993
5995
5999
6002
6009
6022
6024
6062
6077
6081
6095
6097
6107
6110
6114
6123
6127
6134
6142
6152
6175
6182
6195
6233
6235
6241
6244
6245
6258
6260
6271
6289
6298
6302
6312
6322
6331
6335
6352
6356
6380
6384
6389
6391
6396
6407
6408
6411
6425
6453
6454
6469
6481
6521
6531
6534
6545
6546
6567
6585
6598
6616
6618
6623
6625
6632
6635
6637
6644
6653
6655
6666
6667
6685
6717
6731
6732
6733
6736
6741
6757
6760
6761
6781
6799
6812
6816
6817
6826
6830
6832
6835
6853
6869
6873
6891
6959
6973
6975
6992
7007
7019
7043
7044
7052
7069
7079
7080
7101
7107
7115
7121
7125
7128
7132
7141
7145
7164
7182
7195
7217
7218
7224
7240
7264
7268
7299
7310
7326
7331
7336
7361
7362
7363
7373
7391
7407
7408
7412
7417
7425
7428
7453
7481
7483
7498
7516
7521
7523
7528
7551
7567
7584
7616
7621
7641
7651
7654
7660
7661
7662
7675
7677
7679
7681
7701
7707
7718
7722
7775
7782
7783
7786
7791
7794
7803
7813
7826
7829
7830
7836
7861
7868
7886
7891
7898
7899
7913
7914
7917
7918
7945
7948
7950
7952
7956
7974
7980
8003
8005
8006
8011
8022
8047
8048
8075
8078
8079
8082
8093
8106
8119
8120
8126
8132
8134
8139
8140
8159
8179
8193
8216
8239
8241
8250
8254
8255
8299
8303
8320
8333
8337
8343
8374
8380
8401
8404
8414
8418
8423
8437
8472
8494
8497
8499
8522
8524
8526
8534
8537
8543
8553
8556
8576
8580
8584
8598
8605
8623
8632
8637
8639
8641
8642
8654
8668
8674
8679
8691
8700
8721
8723
8736
8744
8746
8758
8766
8769
8784
8793
8804
8837
8843
8854
8873
8875
8877
8886
8888
8913
8919
8920
8922
8928
8938
8966
8967
8975
8984
8992
8998
9022
9024
9028
9033
9066
9080
9083
9088
9094
9096
9098
9106
9115
9119
9120
9130
9137
9157
9159
9173
9176
9178
9179
9181
9193
9202
9210
9216
9262
9264
9270
9283
9284
9293
9310
9340
9358
9390
9417
9449
9450
9461
9471
9474
9489
9501
9518
9534
9561
9562
9580
9589
9592
9606
9613
9616
9622
9641
9644
9658
9680
9697
9702
9707
9709
9717
9772
9775
9783
9797
9806
9809
9816
9819
9843
9852
9858
9871
9874
9876
9892
9896
9905
9909
9918
9923
9925
9946
9957
9964
9975
9985
9993
10009
10011
10033
10035
10044
10048
10059
10062
10063
10066
10081
10102
10108
10112
10127
10136
10137
10138
10152
10181
10188
10193
10199
10215
10216
10219
10227
10230
10246
10250
10281
10288
10301
10320
10321
10329
10334
10361
10398
10401
10413
10416
10418
10420
10434
10443
10455
10462
10465
10467
10477
10484
10495
10517
10524
10525
10542
10543
10547
10549
10573
10579
10591
10596
10597
10606
10615
10630
10636
10638
10689
10690
10699
10710
10728
10740
10771
10788
10797
10802
10811
10815
10821
10837
10839
10847
10848
10850
10851
10862
10863
10870
10876
10888
10891
10894
10929
10930
10944
10945
10947
10962
10982
10992
11003
11009
11015
11017
11030
11047
11049
11060
11062
11075
11101
11102
11131
11132
11133
11136
11144
11147
11154
11160
11168
11172
11176
11199
11204
11213
11221
11231
11235
11236
11238
11242
11261
11278
11303
11306
11309
11312
11325
11336
11342
11354
11362
11367
11376
11393
11400
11419
11460
11475
11484
11488
11497
11525
11528
11538
11548
11569
11571
11574
11581
11599
11600
11613
11623
11637
11640
11642
11643
11664
11672
11708
11712
11728
11735
11736
11764
11765
11767
11778
11781
11802
11808
11823
11824
11828
11833
11837
11839
11855
11869
11906
11916
11923
11927
11936
11940
11952
11954
11955
11958
11971
11983
11992
11993
12007
12008
12018
12028
12030
12031
12048
12067
12077
12078
12086
12100
12108
12112
12115
12128
12157
12184
12205
12212
12218
12233
12238
12284
12285
12302
12304
12311
12319
12321
12344
12350
12352
12357
12361
12369
12377
12395
12410
12415
12421
12425
12428
12430
12432
12433
12443
12446
12463
12464
12465
12471
12475
12481
12484
12499
12518
12549
12564
12580
12592
12599
12615
12617
12620
12625
12639
12641
12642
12655
12658
12667
12684
12687
12691
12702
12710
12719
12723
12729
12734
12744
12758
12776
12779
12782
12785
12793
12798
12808
12812
12813
12837
12839
12841
12853
12862
12879
12890
12891
12897
12905
12911
12926
12940
12947
12961
12980
12987
13005
13008
13010
13016
13017
13026
13031
13041
13043
13056
13086
13106
13108
13114
13134
13140
13142
13164
13169
13170
13204
13230
13235
13238
13239
13254
13266
13267
13294
13313
13320
13322
13335
13343
13361
13362
13381
13397
13401
13408
13419
13422
13424
13439
13453
13458
13460
13484
13491
13495
13510
13512
13520
13536
13544
13554
13588
13594
13633
13648
13650
13653
13657
13689
13691
13696
13697
13704
13725
13729
13742
13743
13746
13795
13800
13814
13816
13822
13827
13828
13829
13830
13845
13852
13866
13891
13894
13899
13916
13920
13937
13943
13949
13957
13961
13963
13968
13974
13980
13985
13988
13991
13992
13993
14010
14021
14046
14047
14061
14063
14066
14076
14078
14112
14118
14121
14136
14140
14167
14175
14200
14214
14218
14239
14243
14268
14270
14282
14290
14293
14300
14318
14326
14336
14358
14365
14382
14391
14414
14416
14465
14487
14493
14524
14534
14538
14547
14548
14550
14570
14575
14579
14593
14597
14606
14621
14637
14641
14653
14654
14658
14689
14700
14702
14738
14740
14741
14746
14747
14759
14769
14778
14783
14785
14790
14798
14812
14837
14839
14866
14867
14951
14958
14959
14960
14968
14974
14981
15004
15031
15046
15051
15060
15075
15079
15087
15090
15099
15101
15122
15123
15126
15131
15138
15159
15176
15178
15198
15210
15211
15235
15239
15241
15253
15268
15285
15288
15303
15305
15310
15314
15335
15358
15366
15380
15407
15415
15417
15457
15458
15462
15464
15476
15483
15486
15488
15502
15510
15520
15522
15531
15538
15551
15570
15597
15601
15614
15620
15622
15653
15655
15659
15665
15666
15669
15671
15672
15704
15735
15755
15759
15805
15809
15829
15833
15843
15844
15867
15871
15885
15892
15895
15898
15901
15907
15914
15929
15934
15966
15979
15981
16014
16032
16038
16039
16042
16051
16068
16093
16137
16138
16142
16144
16148
16149
16184
16190
16194
16217
16226
16241
16242
16247
16264
16269
16292
16305
16310
16320
16325
16334
16337
16339
16357
16374
16376
16382
16388
16397
16399
16403
16404
16408
16423
16465
16468
16473
16489
16494
16497
16504
16508
16523
16532
16537
16541
16550
16557
16569
16570
16575
16599
16620
16626
16628
16632
16633
16638
16644
16650
16652
16664
16677
16679
16682
16686
16701
16710
16714
16718
16725
16726
16744
16747
16757
16763
16777
16799
16803
16818
16826
16839
16848
16865
16886
16887
16890
16901
16918
16931
16933
16945
16954
16969
16978
17001
17010
17024
17028
17029
17036
17037
17049
17058
17059
17062
17063
17084
17090
17095
17098
17103
17117
17126
17129
17148
17173
17174
17183
17184
17189
17196
17198
17201
17218
17224
17234
17247
17255
17258
17268
17272
17286
17307
17319
17332
17338
17351
17353
17355
17364
17385
17389
17393
17410
17420
17421
17429
17431
17448
17451
17457
17473
17479
17482
17483
17505
17509
17515
17529
17549
17576
17579
17583
17593
17594
17606
17618
17620
17659
17662
17666
17672
17679
17685
17687
17692
17695
17706
17721
17737
17740
17745
17746
17758
17760
17762
17780
17808
17811
17818
17824
17826
17832
17841
17851
17858
17867
17883
17899
17903
17905
17908
17909
17920
17926
17943
17950
17958
17988
17992
18002
18004
18005
18009
18010
18017
18026
18056
18059
18075
18076
18081
18117
18123
18128
18130
18131
18132
18137
18143
18158
18163
18166
18186
18187
18198
18200
18205
18216
18236
18243
18257
18258
18261
18263
18291
18330
18331
18334
18337
18343
18352
18381
18385
18408
18416
18431
18436
18453
18467
18482
18495
18516
18525
18539
18545
18547
18557
18570
18571
18593
18599
18605
18612
18663
18667
18683
18690
18692
18695
18704
18720
18734
18744
18761
18764
18783
18788
18793
18800
18805
18807
18816
18823
18826
18828
18829
18830
18835
18837
18848
18849
18853
18855
18856
18872
18883
18884
18886
18892
18900
18911
18924
18931
18938
18953
18970
18971
18983
18994
19012
19017
19030
19035
19051
19064
19068
19076
19092
19097
19114
19120
19132
19137
19140
19148
19163
19171
19180
19197
19201
19204
19259
19263
19273
19277
19296
19301
19333
19339
19344
19346
19375
19377
19391
19393
19397
19409
19424
19438
19439
19450
19451
19459
19469
19477
19482
19491
19514
19519
19522
19537
19559
19589
19593
19600
19601
19609
19614
19617
19618
19639
19652
19656
19657
19665
19680
19699
19716
19725
19733
19739
19747
19749
19754
19771
19775
19776
19787
19793
19800
19805
19817
19837
19843
19872
19879
19882
19899
19944
19962
19970
19989
19995
20004
20006
20007
20008
20023
20024
20026
20029
20043
20051
20065
20068
20079
20080
20091
20100
20105
20114
20126
20127
20140
20146
20165
20183
20189
20204
20215
20217
20231
20237
20239
20242
20249
20251
20261
20263
20276
20282
20283
20297
20298
20299
20300
20312
20322
20324
20347
20351
20353
20376
20377
20378
20392
20396
20406
20418
20425
20432
20443
20460
20461
20462
20464
20465
20466
20467
20496
20507
20515
20516
20526
20539
20543
20547
20559
20565
20572
20579
20580
20582
20583
20587
20599
20606
20613
20621
20622
20623
20627
20652
20656
20660
20671
20676
20690
20696
20697
20703
20714
20720
20723
20737
20761
20764
20765
20780
20787
20805
20813
20821
20838
20843
20844
20846
20871
20874
20909
20921
20922
20926
20928
20935
20937
20943
20954
20981
20984
21002
21017
21027
21040
21042
21059
21066
21081
21089
21105
21108
21110
21116
21145
21161
21165
21167
21168
21208
21222
21223
21263
21268
21269
21276
21281
21296
21303
21321
21323
21331
21340
21346
21352
21414
21415
21416
21420
21425
21433
21443
21445
21461
21484
21485
21516
21517
21521
21572
21580
21589
21596
21608
21609
21616
21627
21629
21654
21686
21687
21692
21699
21702
21708
21712
21721
21723
21725
21743
21748
21752
21800
21811
21819
21821
21828
21833
21840
21843
21855
21861
21865
21867
21871
21874
21882
21888
21903
21905
21937
21946
21952
21964
21970
21983
21984
21994
21996
22009
22012
22042
22049
22070
22081
22085
22094
22120
22126
22143
22170
22171
22179
22188
22190
22197
22198
22203
22204
22210
22212
22230
22241
22250
22256
22261
22288
22296
22305
22308
22312
22338
22339
22345
22368
22373
22384
22403
22408
22433
22441
22452
22477
22478
22494
22495
22503
22515
22519
22534
22549
22556
22593
22596
22603
22617
22636
22639
22657
22661
22681
22703
22705
22713
22714
22718
22719
22720
22736
22742
22747
22766
22774
22778
22817
22828
22829
22833
22834
22842
22862
22879
22882
22889
22891
22892
22925
22933
22948
22960
22970
22977
22990
23001
23005
23008
23010
23013
23018
23051
23061
23075
23077
23101
23106
23113
23124
23126
23132
23138
23142
23160
23173
23195
23199
23203
23214
23240
23242
23243
23247
23279
23282
23291
23292
23299
23305
23311
23325
23335
23358
23379
23390
23392
23394
23413
23417
23419
23448
23458
23460
23468
23484
23495
23501
23511
23513
23518
23520
23521
23526
23552
23566
23569
23589
23596
23598
23609
23628
23630
23635
23639
23644
23652
23666
23689
23697
23704
23707
23709
23717
23722
23738
23742
23744
23747
23754
23772
23775
23808
23820
23834
23840
23858
23862
23864
23869
23875
23890
23907
23914
23935
23939
23946
23953
23983
24015
24020
24027
24034
24036
24047
24061
24069
24079
24081
24083
24085
24091
24109
24114
24134
24141
24142
24163
24179
24183
24185
24187
24191
24202
24205
24209
24213
24215
24226
24248
24253
24259
24269
24274
24279
24301
24307
24314
24318
24322
24333
24338
24345
24349
24354
24356
24360
24363
24368
24370
24371
24383
24401
24414
24415
24426
24436
24448
24480
24485
24491
24498
24499
24533
24547
24555
24567
24569
24575
24582
24607
24617
24621
24646
24688
24695
24720
24725
24736
24758
24763
24789
24799
24805
24810
24816
24818
24825
24827
24852
24864
24872
24893
24932
24934
24947
24954
24961
24963
24965
24988
25008
25013
25034
25035
25062
25072
25075
25084
25088
25090
25103
25107
25108
25133
25137
25138
25151
25161
25164
25176
25177
25193
25198
25212
25216
25224
25229
25235
25241
25244
25248
25256
25276
25284
25288
25289
25296
25311
25377
25386
25390
25400
25408
25409
25430
25441
25454
25456
25464
25469
25474
25477
25488
25502
25503
25506
25514
25556
25557
25558
25565
25571
25585
25589
25593
25597
25607
25612
25616
25632
25634
25643
25653
25656
25670
25674
25677
25690
25697
25699
25712
25727
25759
25760
25765
25767
25769
25774
25786
25797
25800
25806
25811
25815
25823
25827
25847
25858
25888
25896
25900
25911
25915
25952
25955
25957
25963
25965
25992
25998
26001
26005
26007
26009
26011
26019
26022
26032
26052
26059
26060
26066
26083
26086
26098
26101
26109
26115
26120
26123
26141
26157
26159
26178
26190
26199
26203
26212
26217
26220
26229
26252
26253
26268
26283
26290
26297
26306
26310
26351
26371
26378
26411
26418
26420
26432
26446
26458
26459
26469
26475
26483
26485
26489
26492
26509
26511
26518
26519
26532
26541
26545
26551
26553
26558
26562
26585
26601
26602
26612
26613
26620
26623
26628
26634
26641
26663
26666
26672
26680
26697
26703
26707
26709
26714
26716
26717
26729
26735
26739
26752
26764
26773
26778
26782
26796
26799
26800
26801
26802
26805
26808
26814
26840
26845
26850
26864
26871
26874
26903
26910
26912
26927
26959
26974
26980
26997
27000
27002
27025
27030
27034
27049
27061
27067
27070
27075
27086
27094
27097
27103
27106
27109
27124
27131
27132
27134
27135
27137
27152
27162
27175
27211
27229
27232
27237
27238
27252
27255
27264
27274
27277
27280
27286
27287
27290
27294
27295
27309
27312
27316
27323
27335
27337
27361
27371
27376
27385
27386
27396
27403
27412
27415
27433
27434
27441
27446
27447
27448
27454
27457
27490
27492
27504
27506
27565
27569
27570
27601
27604
27613
27654
27664
27685
27688
27697
27701
27727
27728
27734
27744
27753
27754
27773
27776
27801
27803
27806
27807
27810
27825
27833
27855
27867
27892
27899
27902
27906
27909
27910
27916
27921
27922
27924
27931
27933
27936
27940
27947
27948
27956
27968
27982
27984
27991
27995
28000
28004
28018
28029
28031
28035
28059
28086
28091
28101
28107
28115
28127
28145
28157
28160
28162
28172
28179
28192
28194
28198
28199
28237
28295
28297
28305
28342
28349
28365
28382
28408
28417
28426
28430
28431
28445
28467
28485
28503
28507
28515
28516
28518
28525
28532
28540
28553
28555
28564
28572
28580
28589
28594
28628
28635
28638
28654
28668
28670
28681
28692
28712
28716
28721
28725
28729
28735
28741
28746
28749
28751
28754
28763
28774
28778
28780
28789
28805
28806
28819
28828
28844
28847
28854
28861
28870
28876
28879
28890
28893
28908
28917
28920
28922
28930
28931
28935
28940
28965
28969
28975
28976
28977
28978
28991
28996
29010
29011
29032
29033
29052
29069
29070
29076
29077
29086
29094
29097
29107
29129
29140
29142
29195
29203
29205
29208
29209
29212
29238
29264
29275
29304
29326
29339
29380
29387
29391
29409
29418
29421
29434
29444
29458
29469
29476
29491
29504
29506
29553
29555
29561
29562
29566
29569
29575
29580
29582
29583
29585
29592
29601
29610
29617
29619
29620
29627
29639
29660
29668
29682
29697
29699
29732
29749
29774
29776
29786
29789
29799
29816
29820
29822
29829
29833
29843
29864
29865
29886
29889
29897
29900
29901
29912
29913
29915
29918
29925
29926
29928
29946
29948
29951
29957
29961
29973
29987
29988
29991
30009
30018
30024
30040
30045
30053
30073
30080
30082
30096
30102
30117
30135
30158
30163
30167
30168
30172
30173
30180
30192
30207
30224
30230
30240
30253
30255
30264
30265
30268
30283
30323
30329
30343
30345
30349
30356
30367
30383
30394
30400
30433
30439
30456
30457
30460
30462
30480
30481
30485
30487
30489
30499
30501
30506
30515
30520
30522
30527
30534
30538
30555
30557
30584
30594
30602
30622
30641
30668
30674
30675
30685
30691
30700
30703
30720
30721
30725
30733
30739
30767
30775
30794
30803
30808
30809
30816
30817
30844
30850
30862
30865
30867
30870
30875
30882
30888
30893
30894
30899
30913
30929
30943
30949
30955
30956
30962
30968
30980
30987
30998
30999
31008
31013
31024
31031
31045
31060
31062
31069
31080
31086
31099
31120
31121
31124
31130
31139
31154
31157
31159
31171
31173
31177
31200
31214
31234
31261
31267
31268
31293
31299
31338
31339
31342
31360
31376
31393
31394
31417
31418
31424
31431
31434
31448
31483
31501
31513
31532
31546
31549
31566
31568
31572
31592
31611
31618
31621
31661
31670
31695
31731
31732
31741
31746
31756
31758
31760
31767
31774
31792
31807
31833
31836
31839
31853
31874
31887
31895
31910
31915
31921
31926
31927
31954
31965
31967
31971
31972
31993
31999
32006
32007
32008
32009
32010
32012
32015
32029
32046
32050
32052
32054
32058
32070
32079
32082
32083
32106
32110
32121
32124
32136
32141
32142
32148
32162
32174
32187
32189
32203
32224
32227
32256
32263
32296
32297
32306
32316
32325
32326
32337
32360
32370
32382
32394
32407
32424
32430
32443
32455
32458
32466
32476
32478
32490
32492
32519
32526
32528
32532
32546
32575
32577
32583
32586
32595
32599
32609
32652
32654
32659
32661
32688
32707
32710
32718
32722
32730
32735
32765
32767
32774
32797
32805
32814
32820
32822
32825
32837
32873
32878
32888
32892
32898
32904
32910
32915
32932
32935
32953
32965
32978
32990
33012
33022
33034
33037
33045
33061
33081
33083
33090
33091
33092
33100
33108
33110
33125
33127
33144
33145
33161
33171
33174
33211
33215
33241
33281
33286
33305
33306
33309
33318
33329
33334
33378
33379
33381
33385
33387
33405
33414
33416
33423
33436
33441
33458
33463
33466
33475
33477
33496
33497
33511
33516
33518
33523
33529
33541
33545
33546
33553
33557
33571
33592
33594
33597
33610
33611
33618
33626
33630
33644
33679
33688
33716
33724
33726
33761
33774
33788
33789
33796
33803
33814
33835
33847
33850
33860
33861
33877
33897
33899
33903
33911
33913
33948
33963
33976
33990
34010
34014
34017
34033
34038
34066
34070
34073
34082
34084
34091
34107
34129
34136
34182
34185
34187
34194
34195
34204
34227
34238
34239
34249
34257
34263
34270
34274
34293
34302
34307
34313
34327
34332
34357
34383
34393
34394
34396
34404
34412
34414
34434
34440
34445
34448
34463
34477
34486
34502
34518
34523
34524
34553
34575
34592
34594
34607
34609
34616
34624
34632
34645
34649
34656
34662
34667
34686
34692
34697
34700
34702
34712
34716
34719
34724
34726
34727
34737
34749
34764
34775
34787
34789
34793
34796
34801
34815
34823
34840
34841
34853
34857
34899
34906
34910
34912
34946
34955
34979
34989
34998
35003
35006
35012
35029
35037
35051
35052
35070
35084
35085
35088
35092
35098
35105
35110
35114
35116
35130
35151
35164
35165
35167
35188
35192
35195
35204
35232
35242
35259
35264
35265
35283
35289
35293
35295
35298
35300
35303
35307
35313
35317
35320
35351
35358
35362
35372
35380
35384
35396
35404
35420
35423
35450
35452
35465
35475
35486
35499
35518
35522
35532
35545
35549
35560
35561
35565
35582
35593
35598
35602
35609
35636
35647
35663
35668
35670
35676
35712
35714
35719
35725
35727
35730
35737
35763
35775
35801
35802
35814
35820
35834
35880
35892
35910
35918
35927
35930
35933
35940
35945
35963
35968
35974
35976
35984
35990
36001
36036
36039
36043
36044
36056
36060
36067
36068
36070
36072
36084
36087
36101
36115
36122
36137
36142
36148
36151
36154
36160
36166
36167
36171
36176
36179
36181
36189
36203
36208
36216
36222
36227
36229
36235
36247
36253
36260
36261
36280
36286
36287
36300
36338
36341
36360
36366
36376
36391
36401
36411
36413
36418
36419
36440
36441
36454
36465
36483
36492
36497
36538
36552
36555
36562
36563
36575
36581
36586
36587
36593
36594
36602
36607
36608
36625
36626
36652
36671
36683
36686
36695
36719
36721
36729
36738
36745
36752
36760
36773
36774
36777
36785
36795
36796
36814
36829
36832
36845
36851
36862
36865
36870
36877
36888
36900
36903
36905
36906
36917
36926
36935
36942
36948
36952
36972
36978
37021
37045
37058
37065
37081
37092
37102
37109
37113
37125
37126
37158
37167
37188
37197
37210
37211
37236
37245
37248
37250
37268
37288
37290
37303
37306
37307
37327
37334
37342
37352
37358
37368
37377
37408
37413
37421
37425
37429
37432
37445
37469
37475
37504
37507
37514
37515
37516
37523
37524
37525
37527
37554
37584
37586
37594
37595
37602
37605
37613
37616
37618
37629
37663
37665
37666
37670
37678
37694
37698
37703
37715
37718
37720
37728
37731
37746
37758
37780
37791
37794
37795
37803
37820
37829
37830
37849
37851
37864
37885
37886
37897
37902
37913
37919
37921
37924
37967
37968
37974
37986
38000
38010
38020
38021
38034
38039
38058
38069
38070
38077
38082
38117
38124
38128
38137
38147
38149
38161
38167
38184
38204
38210
38229
38252
38260
38261
38271
38273
38279
38313
38319
38321
38326
38327
38350
38408
38412
38421
38431
38436
38454
38460
38464
38475
38479
38487
38491
38500
38526
38546
38551
38554
38588
38589
38613
38658
38677
38682
38696
38697
38703
38715
38726
38734
38738
38753
38761
38764
38768
38790
38792
38811
38821
38831
38835
38841
38842
38848
38849
38863
38864
38878
38880
38885
38890
38894
38897
38900
38901
38918
38925
38933
38938
38942
38946
38956
38958
38961
38973
38982
38997
38999
39036
39040
39041
39043
39049
39055
39067
39069
39071
39072
39074
39093
39102
39118
39129
39149
39162
39175
39181
39198
39205
39212
39232
39233
39247
39267
39284
39295
39298
39302
39316
39337
39364
39375
39384
39385
39404
39406
39414
39415
39429
39432
39433
39480
39500
39508
39520
39521
39522
39523
39527
39530
39536
39544
39547
39552
39591
39596
39606
39618
39619
39621
39629
39642
39643
39657
39661
39679
39692
39695
39701
39705
39714
39736
39737
39741
39743
39746
39748
39751
39769
39770
39786
39795
39810
39818
39834
39843
39847
39867
39952
39959
39973
39984
40000
40001
40004
40007
40021
40023
40025
40049
40056
40068
40078
40089
40090
40102
40105
40106
40108
40119
40121
40126
40133
40144
40150
40162
40170
40171
40178
40180
40184
40188
40190
40200
40203
40212
40216
40227
40247
40248
40259
40267
40298
40299
40302
40304
40311
40327
40329
40334
40339
40340
40368
40374
40395
40411
40417
40425
40427
40431
40445
40457
40461
40465
40471
40478
40480
40484
40493
40515
40516
40523
40549
40550
40552
40565
40566
40569
40572
40583
40588
40593
40622
40626
40641
40667
40668
40672
40680
40682
40712
40714
40718
40723
40724
40725
40733
40737
40743
40749
40754
40765
40779
40792
40799
40819
40820
40823
40833
40835
40842
40854
40879
40894
40904
40917
40941
40947
40957
40959
40962
40964
40989
41002
41006
41013
41022
41027
41038
41043
41056
41058
41068
41077
41093
41131
41152
41176
41187
41192
41205
41207
41218
41224
41225
41232
41245
41252
41254
41267
41269
41284
41285
41290
41297
41307
41321
41327
41332
41340
41342
41348
41362
41365
41372
41381
41398
41399
41404
41412
41415
41419
41420
41423
41432
41438
41471
41475
41483
41498
41506
41519
41520
41522
41532
41565
41569
41582
41592
41597
41635
41637
41640
41642
41645
41648
41649
41664
41673
41686
41687
41691
41729
41742
41752
41794
41796
41824
41830
41831
41836
41837
41877
41878
41891
41897
41903
41949
41963
42005
42017
42022
42033
42039
42046
42052
42057
42068
42069
42079
42096
42108
42111
42124
42135
42142
42179
42183
42186
42217
42220
42228
42249
42275
42278
42285
42286
42291
42294
42297
42304
42313
42327
42334
42336
42358
42364
42371
42372
42377
42382
42396
42406
42419
42421
42428
42444
42445
42473
42478
42487
42491
42494
42499
42511
42528
42529
42532
42534
42535
42554
42573
42587
42620
42624
42638
42646
42647
42663
42665
42666
42685
42707
42715
42729
42733
42747
42750
42751
42763
42765
42767
42771
42772
42775
42780
42793
42801
42810
42837
42849
42873
42874
42878
42879
42893
42896
42897
42909
42917
42922
42927
42933
42939
42944
42960
42983
42987
42994
42995
42996
43003
43005
43009
43021
43030
43045
43059
43060
43068
43086
43094
43098
43132
43136
43143
43145
43146
43151
43157
43165
43169
43181
43213
43222
43238
43244
43250
43262
43268
43272
43280
43311
43323
43326
43328
43342
43347
43361
43367
43376
43385
43420
43427
43436
43440
43452
43459
43467
43473
43481
43485
43532
43553
43557
43559
43564
43576
43581
43583
43606
43619
43620
43639
43642
43646
43652
43670
43680
43693
43698
43701
43704
43708
43724
43747
43765
43770
43780
43781
43787
43796
43800
43814
43823
43855
43859
43868
43895
43899
43904
43919
43933
43940
43971
43972
43989
44005
44006
44019
44021
44027
44030
44038
44053
44072
44081
44102
44106
44128
44129
44163
44210
44215
44236
44240
44252
44266
44267
44274
44280
44286
44287
44295
44298
44307
44310
44313
44346
44371
44375
44382
44383
44384
44389
44404
44416
44429
44430
44440
44446
44448
44456
44461
44475
44516
44524
44525
44532
44537
44539
44549
44553
44574
44616
44632
44638
44648
44656
44658
44671
44672
44687
44710
44717
44721
44747
44778
44784
44789
44800
44806
44807
44841
44853
44859
44870
44872
44885
44889
44891
44892
44911
44913
44914
44932
44951
44973
44974
44984
44994
44999
45006
45027
45056
45067
45090
45095
45100
45115
45124
45126
45128
45129
45144
45153
45179
45181
45185
45189
45190
45206
45218
45243
45256
45264
45271
45273
45275
45279
45307
45344
45352
45367
45383
45385
45390
45417
45423
45424
45430
45442
45457
45466
45475
45477
45480
45498
45499
45512
45513
45525
45527
45528
45533
45535
45538
45542
45550
45553
45554
45577
45579
45582
45595
45599
45602
45616
45631
45633
45635
45644
45665
45696
45697
45701
45713
45722
45726
45741
45743
45748
45768
45786
45824
45835
45836
45846
45852
45880
45887
45892
45901
45905
45906
45921
45924
45934
45936
45956
45958
45973
45979
45995
46003
46016
46022
46026
46040
46046
46059
46095
46098
46127
46132
46160
46171
46187
46225
46246
46248
46263
46266
46279
46287
46288
46293
46294
46296
46375
46376
46388
46389
46395
46408
46412
46422
46447
46469
46474
46476
46478
46512
46520
46525
46527
46531
46536
46542
46545
46547
46553
46557
46562
46569
46595
46601
46615
46627
46639
46647
46669
46677
46682
46696
46709
46714
46728
46737
46757
46772
46787
46797
46804
46807
46810
46827
46831
46832
46838
46854
46872
46883
46884
46886
46898
46904
46925
46932
46935
46949
46954
46963
46988
47006
47011
47014
47025
47026
47037
47046
47054
47061
47064
47066
47069
47077
47090
47093
47098
47100
47102
47111
47114
47122
47130
47136
47150
47151
47156
47165
47166
47167
47175
47178
47179
47186
47196
47200
47203
47228
47235
47241
47246
47247
47255
47261
47265
47285
47290
47300
47303
47315
47319
47323
47325
47352
47359
47381
47386
47404
47417
47420
47421
47422
47425
47447
47460
47463
47487
47493
47505
47509
47519
47524
47545
47556
47558
47576
47580
47591
47602
47606
47613
47627
47633
47634
47642
47646
47647
47653
47662
47669
47684
47685
47688
47730
47741
47746
47780
47781
47790
47794
47798
47799
47800
47804
47811
47822
47840
47842
47849
47850
47852
47855
47880
47893
47899
47904
47921
47948
47953
47954
47957
47981
47993
48009
48011
48015
48022
48027
48061
48064
48069
48070
48075
48083
48094
48100
48101
48105
48126
48161
48164
48169
48183
48192
48206
48217
48246
48253
48257
48261
48262
48273
48276
48283
48298
48312
48317
48320
48324
48337
48341
48354
48359
48364
48371
48372
48377
48378
48386
48402
48404
48405
48406
48407
48408
48409
48435
48440
48443
48447
48449
48468
48499
48503
48531
48540
48543
48553
48554
48568
48599
48603
48605
48606
48613
48617
48622
48634
48649
48660
48675
48682
48685
48698
48704
48710
48717
48719
48729
48732
48746
48753
48755
48764
48772
48785
48791
48795
48798
48807
48811
48815
48823
48832
48834
48842
48846
48853
48856
48865
48872
48888
48905
48907
48934
48943
48948
48961
48981
48990
49000
49008
49032
49047
49049
49055
49063
49070
49095
49106
49110
49113
49134
49148
49154
49155
49160
49170
49193
49196
49202
49204
49219
49230
49233
49241
49250
49252
49255
49266
49295
49297
49304
49316
49338
49341
49342
49344
49347
49358
49373
49391
49400
49407
49422
49444
49478
49479
49482
49493
49513
49539
49546
49566
49581
49587
49589
49643
49655
49660
49672
49704
49707
49712
49716
49717
49718
49721
49737
49755
49757
49772
49775
49786
49787
49789
49809
49819
49827
49837
49838
49851
49853
49865
49877
49878
49879
49880
49881
49894
49913
49932
49935
49937
49947
49954
49955
49970
49981
49998
50002
50030
50033
50035
50056
50107
50112
50138
50192
50199
50207
50209
50210
50215
50239
50242
50244
50250
50252
50256
50263
50264
50267
50268
50275
50293
50300
50302
50318
50335
50336
50342
50360
50366
50383
50389
50392
50411
50412
50431
50433
50456
50459
50462
50478
50484
50516
50520
50526
50529
50556
50558
50586
50599
50608
50641
50643
50647
50651
50677
50696
50708
50709
50725
50742
50758
50766
50779
50794
50810
50817
50818
50821
50833
50834
50835
50844
50850
50859
50863
50873
50880
50891
50895
50911
50913
50914
50917
50925
50929
50934
50939
50952
50956
50961
50964
50970
50972
50988
50996
50999
51005
51006
51018
51025
51029
51034
51040
51065
51066
51111
51113
51117
51125
51135
51139
51144
51146
51154
51158
51182
51198
51222
51244
51251
51255
51256
51260
51261
51282
51285
51295
51312
51319
51361
51366
51368
51371
51390
51410
51445
51462
51468
51476
51477
51482
51483
51486
51492
51500
51509
51511
51512
51513
51520
51527
51542
51545
51550
51560
51562
51563
51568
51595
51629
51634
51646
51647
51650
51652
51656
51671
51676
51692
51704
51708
51722
51734
51767
51770
51786
51792
51793
51795
51802
51806
51808
51819
51820
51839
51856
51859
51879
51881
51902
51910
51912
51914
51925
51938
51954
51966
51986
51995
52005
52007
52012
52016
52019
52024
52037
52040
52050
52060
52066
52067
52070
52081
52098
52100
52106
52107
52118
52119
52124
52125
52137
52143
52155
52166
52173
52187
52191
52211
52212
52213
52218
52222
52229
52231
52264
52271
52277
52283
52284
52292
52318
52325
52329
52332
52335
52336
52340
52351
52355
52363
52366
52367
52380
52384
52400
52408
52417
52433
52439
52459
52490
52514
52533
52547
52551
52559
52602
52606
52607
52616
52622
52624
52626
52630
52649
52658
52686
52687
52702
52718
52721
52730
52746
52760
52796
52846
52855
52856
52862
52873
52874
52903
52911
52917
52928
52939
52942
53008
53011
53024
53037
53041
53046
53090
53100
53109
53113
53137
53140
53160
53169
53170
53191
53202
53218
53246
53251
53267
53269
53278
53282
53291
53301
53302
53315
53326
53335
53354
53398
53400
53407
53422
53431
53434
53437
53446
53450
53476
53482
53492
53545
53570
53577
53578
53580
53606
53634
53640
53647
53653
53660
53671
53683
53691
53702
53708
53714
53715
53719
53721
53723
53724
53726
53734
53737
53748
53749
53761
53766
53773
53779
53796
53806
53809
53812
53813
53845
53856
53860
53862
53865
53881
53889
53896
53908
53920
53926
53955
53958
53961
53962
53965
53993
53994
53996
54015
54025
54029
54030
54033
54045
54047
54061
54067
54074
54076
54083
54087
54094
54095
54099
54104
54106
54118
54125
54135
54154
54155
54162
54179
54184
54190
54194
54202
54206
54220
54224
54238
54250
54271
54284
54312
54313
54326
54328
54338
54343
54359
54361
54363
54367
54388
54416
54418
54424
54429
54430
54442
54449
54459
54494
54510
54519
54525
54543
54552
54553
54566
54573
54576
54577
54582
54589
54616
54618
54629
54641
54646
54658
54660
54665
54666
54672
54678
54703
54706
54724
54733
54764
54773
54784
54791
54803
54827
54833
54836
54854
54883
54894
54901
54910
54921
54931
54938
54944
54946
54966
54974
54982
55000
55005
55060
55065
55070
55074
55081
55088
55096
55097
55128
55155
55158
55185
55189
55206
55210
55219
55221
55231
55234
55238
55245
55246
55250
55265
55276
55284
55285
55290
55295
55313
55327
55330
55339
