378
671
64
996
870
673
200
695
810
380
143
140
573
447
234
544
196
404
654
54
191
930
531
269
245
87
851
905
193
472
607
470
260
490
590
929
878
29
365
964
441
806
264
13
530
765
598
0
216
939
350
136
327
702
787
47
508
611
259
957
717
194
977
289
42
232
699
862
336
848
290
679
680
107
665
371
455
263
584
716
701
992
606
467
127
307
553
537
805
89
321
501
19
719
720
920
388
359
151
8
639
422
525
768
126
900
615
521
453
228
886
945
593
481
962
616
6
619
512
739
258
500
180
235
138
391
219
81
250
482
35
31
317
63
21
4
58
134
804
784
172
927
803
631
658
624
293
734
190
743
829
34
101
914
582
181
516
578
586
738
382
901
808
792
749
237
246
221
454
465
206
116
880
535
967
231
981
812
77
333
458
408
473
551
504
296
469
974
798
946
489
952
413
427
797
376
298
354
985
41
377
217
592
358
668
152
444
253
173
148
953
816
947
861
863
99
240
407
401
98
266
762
461
165
476
163
421
80
239
603
970
838
577
209
131
704
210
347
700
486
820
776
676
303
594
783
393
988
331
610
823
487
921
641
106
373
937
707
162
278
510
918
156
546
549
412
818
243
835
449
864
311
545
879
443
485
892
448
155
773
890
244
660
785
541
522
319
343
309
374
722
72
731
477
591
613
322
313
214
628
281
778
167
840
617
814
46
379
316
758
794
960
50
406
896
973
411
854
355
40
669
273
338
885
688
698
420
285
494
16
175
268
462
728
437
936
49
112
340
129
583
561
850
457
559
429
108
529
712
498
52
873
399
867
103
868
110
128
793
735
366
576
363
982
796
205
657
907
463
301
672
791
540
524
924
270
715
909
414
271
213
330
198
139
370
390
536
169
730
367
827
170
694
916
542
948
433
318
580
1
711
144
342
932
387
897
834
39
949
82
400
135
305
59
302
385
94
396
651
677
67
786
188
438
713
199
308
933
876
179
56
176
495
96
418
759
424
579
30
277
523
229
121
841
846
295
800
902
955
122
602
274
684
825
634
585
325
795
640
286
811
874
74
349
348
28
364
588
339
410
958
725
71
310
543
430
782
552
697
993
656
518
409
356
195
866
22
186
572
452
597
314
431
687
938
931
943
872
696
802
230
150
478
5
85
780
895
991
781
440
207
919
837
55
571
568
678
397
25
104
483
629
187
871
37
142
587
203
801
171
565
125
752
182
954
507
630
690
154
652
9
750
137
381
859
272
435
533
726
917
153
389
548
225
614
255
113
2
742
983
261
663
224
705
857
92
83
807
648
496
830
625
509
894
145
446
27
746
202
560
415
710
636
910
394
97
589
645
517
959
201
471
323
488
979
18
971
439
951
550
428
215
941
650
538
649
706
484
753
11
984
755
324
257
299
38
926
65
661
884
75
824
117
36
256
12
426
502
284
686
638
721
403
227
351
968
558
287
505
987
90
86
833
164
736
233
853
527
20
956
491
168
831
557
514
966
745
532
425
877
632
419
118
475
24
335
329
14
653
766
642
450
788
626
723
73
703
821
881
492
513
383
646
515
222
789
681
520
416
855
368
925
70
528
91
972
451
123
442
887
994
714
575
961
883
312
326
345
445
300
526
774
757
999
147
334
17
664
23
223
562
899
372
554
130
623
761
386
709
341
115
771
655
468
942
297
963
621
320
826
691
737
869
865
291
779
292
822
764
398
756
978
288
252
760
911
10
666
888
282
93
306
839
479
69
184
627
563
249
26
189
670
675
708
68
856
506
436
828
601
53
842
45
682
159
997
166
813
990
618
940
934
733
133
236
265
570
100
965
923
620
727
275
78
499
595
950
174
402
242
609
304
362
432
204
254
417
218
547
48
43
369
882
474
132
141
836
898
844
574
395
79
511
267
718
819
251
7
986
480
241
238
858
111
975
337
88
922
160
357
604
534
460
212
891
612
211
662
976
177
769
817
647
226
61
569
732
693
247
635
754
283
178
315
539
423
185
581
809
567
843
608
637
683
84
3
352
692
120
149
276
66
995
852
60
928
62
906
770
763
998
744
279
815
456
740
280
197
935
729
346
361
605
980
157
944
384
741
44
497
493
555
748
599
102
767
248
747
119
124
849
105
375
799
294
146
860
328
777
353
464
344
989
772
751
847
644
622
360
790
109
32
503
775
51
220
724
15
689
913
76
519
908
459
466
600
405
434
392
915
875
566
832
161
685
158
893
643
332
633
904
969
912
845
674
556
564
183
262
889
33
114
57
596
667
208
192
903
95
659
