2659
385
1898
1650
1601
2390
326
1916
2611
1924
2178
1586
1268
1984
737
580
1312
870
2509
1438
1383
873
1205
1792
2727
1721
1684
2235
2396
2112
1105
1959
738
14
199
1062
1996
1630
2420
2923
2811
2951
447
1666
1998
2584
2362
1865
1716
2060
1844
1071
2315
214
2076
2158
1557
2295
561
1987
136
568
1506
256
2599
828
2331
2513
2965
2598
501
969
342
2981
664
1043
1587
2743
796
1404
405
1811
2394
2530
812
534
266
529
965
1687
281
805
967
837
1280
5
2770
2222
2749
2243
1596
2054
998
621
838
2623
2517
2327
94
1479
2065
1920
2242
1541
1058
68
2319
670
175
2662
433
2278
1935
2523
788
1893
1709
2161
1500
357
2363
2872
671
2245
203
2045
1298
783
1648
518
164
268
1337
1026
1948
972
253
336
204
2658
1020
1154
2155
530
384
2104
2034
25
994
408
254
913
43
429
2451
75
490
390
109
1160
2798
1437
2437
2943
298
1390
1196
613
1559
2408
1091
2323
898
2707
731
1874
147
66
1136
18
2473
1277
2351
1776
645
2896
2398
1549
687
2763
106
829
932
2563
1240
1003
1790
2064
1443
1009
633
2641
1690
482
16
1007
1448
1335
1701
2358
2455
387
957
2000
577
1227
2013
2689
1092
634
1338
2449
2169
2621
1979
299
1492
414
2075
544
1346
2288
1034
63
1482
2289
99
2941
2911
399
2033
282
1356
2273
865
2880
2847
1018
2525
2487
1123
2901
1645
1272
1890
1114
906
2057
819
1661
2175
4
1098
2010
2466
430
2223
2654
619
2287
1289
1477
2705
2139
1279
101
260
1534
2557
2804
1516
407
200
1152
1278
193
1288
1814
1545
340
1752
1230
2747
635
479
823
2620
1528
929
2012
1078
70
2048
2692
207
2907
1232
2343
1254
879
135
2469
2490
2506
114
2284
1403
344
625
1562
84
2244
648
316
2962
2190
351
804
1084
2829
917
443
2568
1024
1357
221
1159
1517
240
1843
333
1216
218
1141
1309
2974
2216
1068
872
1028
1505
2102
1146
90
396
2605
2674
1364
45
2868
622
494
2393
335
2738
1380
608
2682
2317
2196
497
2428
373
2980
1497
1875
713
2232
678
2023
1343
168
2805
814
1000
2114
749
2101
1911
2093
2765
2475
1471
2468
1199
2527
1307
1974
362
2349
2612
2806
484
1813
2253
539
1094
1225
267
12
1377
226
1311
272
1525
2728
2090
1748
743
2853
2415
2948
1946
1643
2898
233
2233
930
1412
1929
2581
2353
1839
836
167
1444
2667
2164
2192
2630
2996
212
2614
372
31
1226
964
1445
1327
813
2431
674
2587
2919
945
1904
922
120
92
2926
1166
1194
413
2731
2382
392
2554
1805
1012
1847
234
2712
1972
1672
404
2860
1387
2786
2225
1729
2661
2226
2297
1522
2848
1339
339
1940
1620
1799
547
1739
1676
747
360
1407
1468
2136
1074
2973
2328
2776
1119
949
1768
1856
2374
1777
1469
1917
2952
1812
933
296
516
2989
1810
2291
1598
2471
2426
1605
2335
2725
866
722
599
662
2910
1107
1919
1886
2478
2228
423
735
1883
849
1567
1651
2302
2957
2266
2999
2016
2457
1673
1858
2209
1560
2342
323
517
1261
2380
2193
1762
1313
1594
1892
820
1570
2755
2887
984
2348
970
2202
1340
259
1908
2214
1845
2585
2345
2246
2822
2697
2489
1422
2709
1371
889
2780
895
452
1100
2810
563
583
250
86
2890
1133
2559
506
807
2814
2970
1718
1214
91
2909
2841
2536
1503
1485
2684
990
1820
2035
1771
2603
441
1061
2051
48
417
2904
119
912
2458
304
192
938
317
1132
2194
450
2795
2968
2819
2670
1285
993
2283
2467
1076
2832
1345
248
227
2264
1533
2206
1135
1576
33
2387
2477
2316
2917
2306
2699
174
2103
1504
1211
2438
2117
437
1970
2444
76
213
1955
356
589
1593
1156
955
1189
941
150
2982
2997
2022
797
842
2651
264
2492
1761
711
1242
57
2405
2519
1447
1665
2185
1446
884
2251
888
2496
1183
1208
550
2708
1131
2218
2591
1351
868
388
2201
2908
1778
582
0
1896
1751
905
639
2442
963
1818
1990
397
2683
30
2809
141
1913
2793
570
1073
2717
209
1851
667
2280
769
1245
2925
2044
1219
919
2891
770
2250
1692
616
2281
615
1104
1427
2205
1599
1853
1253
436
1632
571
1490
2210
314
2716
455
806
1765
2815
701
2037
2366
1416
2220
1458
1867
756
319
273
927
2146
2751
1170
2453
1410
2346
1573
196
2675
808
211
1089
1401
740
614
1932
2167
843
1986
2902
2866
940
40
1725
1059
844
2049
995
2081
1633
2779
2663
2411
422
1775
1878
1779
1320
1436
2886
2400
1655
2944
480
894
177
668
2864
258
1826
1607
1402
2091
1381
2018
1723
1612
980
64
2135
1246
939
508
1536
1804
638
2718
2878
2298
2967
2555
1973
318
2932
850
576
1806
1817
2592
2549
2311
1926
465
458
1889
2706
2740
2322
1350
592
1759
1033
1083
495
469
1330
2808
2204
1386
1467
762
2752
432
2357
492
654
1527
789
1638
1833
2191
2238
280
290
449
1067
153
1324
195
1794
2889
2756
2622
245
2512
409
2144
1050
463
216
152
629
825
2758
2542
1726
1654
159
2272
139
2157
983
2830
2873
350
686
1088
2986
2359
557
243
1747
593
1204
1714
2788
1475
904
2125
2229
1537
2723
2906
605
217
859
1027
2402
1400
1233
2958
2493
1487
1910
1738
60
612
766
363
1577
1385
2236
1508
143
2961
1055
1840
1493
2876
1322
992
2879
215
818
1481
973
2265
2071
754
2452
1455
513
2491
22
799
138
265
689
1359
2043
2529
2465
2624
1139
1786
588
394
2143
2270
2047
1903
1802
1841
520
1025
1464
2840
1631
283
1746
332
2294
2341
1318
1
1753
920
695
303
389
2025
1168
2133
1069
2681
2696
2325
1317
1127
2368
473
2668
284
2803
531
1891
2858
383
2685
1148
1934
103
2845
2618
653
2719
631
121
1193
1862
1994
603
2032
564
2231
1980
27
2189
1263
2292
1954
2241
951
346
2110
1374
1564
1563
246
1191
73
794
368
1252
269
628
2122
1358
330
2329
1597
1548
2894
255
1556
329
1336
944
896
745
2762
975
402
89
2580
744
546
696
2528
2
2871
2515
78
1434
1854
238
2028
801
915
2821
1484
224
1169
1153
142
2483
1705
2501
1978
391
1424
1354
438
361
1866
2083
1697
510
1931
1187
1863
1184
160
2460
2479
2816
1722
2138
2666
173
1546
863
476
128
352
2985
1281
1096
2643
2686
2424
2744
1991
3
504
431
1053
1803
640
486
1294
2575
1488
2677
2277
2918
1529
2656
2249
2425
1158
2865
184
1095
2111
1064
2637
1658
2488
1378
108
2955
232
1379
1185
1745
2939
637
1968
1349
2992
1179
2182
2652
1627
1420
1715
1265
1879
679
1629
87
502
19
2698
2422
523
1902
2026
2882
1465
545
2600
721
2687
706
2356
370
1727
1568
2984
2533
488
229
219
2007
623
775
2561
1370
374
669
425
2391
1306
663
1220
1634
191
2627
1181
2988
800
2383
2610
732
2050
999
885
146
1369
1137
2384
2915
607
1081
2854
1117
1093
512
77
845
2282
1795
420
1314
712
1939
1531
23
2128
222
1600
2435
1190
1209
535
1837
2976
93
2441
1662
1611
1411
2862
1989
1927
2790
1372
1767
338
2673
1827
112
285
1035
442
2445
1229
1801
2463
714
1241
1029
1783
2690
552
1332
294
1355
1756
1167
1616
1836
903
2645
1299
2404
2640
1579
427
1828
34
657
1348
666
511
1695
309
1147
2713
1542
1408
1539
2541
1621
543
746
2365
2802
1111
1685
2730
1975
716
134
2137
704
2367
1449
1399
2149
717
2255
522
1691
609
2792
877
1382
2221
2107
942
1995
893
2001
2532
2009
2378
46
1273
123
681
2701
1461
2636
2152
1712
2259
366
50
2165
2116
914
400
1569
1341
1045
1772
487
1829
887
549
446
130
2565
1255
2330
2520
149
1909
1618
1669
2269
778
1222
1051
28
1206
2888
835
1578
1128
851
434
2796
1368
1310
2903
2710
1872
324
1850
2258
2129
1702
1713
2024
1733
2817
2344
2184
590
2507
1442
1544
470
2486
1555
651
864
491
647
741
759
161
891
1342
2867
2041
693
1284
1703
533
2181
986
210
1039
1331
1589
1144
1897
1686
300
1731
1011
1365
2257
468
1876
2197
505
1763
2913
462
2732
1112
2837
1838
2074
1286
2745
1087
485
2573
2072
1635
934
1287
655
1610
2046
1085
947
1675
1966
