298852
285297
374348
388302
387689
262729
195138
328603
337289
20755
37249
116015
244275
424738
118431
130408
370266
260609
137849
139435
307599
314989
263518
3622
495691
147261
365476
220654
9643
5472
289695
10545
478564
285425
286522
57930
181750
223724
211523
21589
457688
209482
224200
192515
260715
465032
224207
395392
456591
303918
309579
460547
486456
494338
282865
372295
480423
126178
441773
97780
390535
320411
333365
223967
5062
224946
301239
457651
13316
314048
24501
426031
16518
332595
93069
42314
454813
447127
117551
103894
245841
349656
235137
55711
205284
238111
130275
463783
179991
357547
3836
65973
470630
404629
343339
132939
96075
288802
79895
481541
447774
75495
344093
194487
162433
219394
120268
295248
429547
346670
446452
288476
142003
355949
19396
426932
102468
291870
202434
319740
418115
65926
85207
341386
321296
70417
48091
344387
105421
428133
341327
192903
474747
150328
129384
128128
458333
98110
120197
290867
450821
328408
388617
269244
392639
165058
403052
11270
204998
490527
292095
447349
149644
268873
112970
227788
442643
62410
428777
174541
475147
103465
50461
61132
330374
315325
187411
279726
479087
454550
137669
347989
479058
228923
186079
187235
331217
304510
440919
360278
176613
430722
429890
27010
421803
368641
440862
470177
58581
70684
26618
362605
202319
424537
465065
495567
456030
385641
134061
357124
428800
428517
393994
158718
237662
106116
476261
294943
236747
360126
72468
5831
312783
340713
223733
89623
456541
304358
49157
353554
367701
126035
43096
214325
254335
415288
468245
264992
131489
273003
274384
81520
326425
193342
281783
215032
43989
422174
333762
298690
455971
199567
77205
243553
290653
270929
153131
81231
23559
287352
215092
214582
251429
397795
400366
380036
232009
483830
250743
123107
142031
140040
49921
233067
324021
24732
497297
481589
353211
282834
484428
25929
459892
348686
49119
335148
334629
1128
314450
183655
435725
355597
344365
63206
90346
285016
192833
243494
85689
440096
229986
78619
287137
496049
424690
29141
149543
43701
241723
445434
484410
465314
330838
283206
275439
399628
343211
442574
407645
329730
119722
466591
258721
89341
249003
122066
30909
101242
313239
70419
224431
322733
92947
437181
70002
373847
95299
225665
52673
441169
90210
218787
102026
198028
151299
222915
58145
355944
483119
123357
249301
73959
334355
479124
37906
199435
236217
336228
135887
324117
441880
66779
209884
103434
420846
120134
422906
104840
378322
178944
495100
7723
31629
8283
321235
273433
323036
368519
400418
135859
363411
354768
349148
482402
150163
373058
108122
355716
345860
302843
225157
12295
9864
161888
196567
420707
324344
457179
350902
266110
264039
95651
359015
489106
63693
211367
439705
65751
338474
39063
199290
369717
287893
66237
345105
204967
442140
60393
423985
120590
348057
499941
411907
290964
198549
420033
64945
213359
338532
176839
370351
396782
21950
43219
147553
209466
56222
164697
436063
269907
250297
283570
38027
138618
18287
58727
67403
294147
150079
18335
97706
6894
316084
392751
231510
211443
387922
320991
470006
114863
408274
88361
207398
212171
109051
177927
487965
23151
371350
284040
456565
362642
460589
420156
116302
239577
46534
101554
383999
103642
476360
95772
53269
382784
457636
9289
34762
288061
281213
28222
104183
175641
468778
227416
302931
292581
232780
266541
432998
367551
23304
142966
101209
446063
46485
468383
368286
86859
69011
263520
116868
475463
288661
253847
349774
224383
377
48210
305966
187427
6090
372264
32276
105684
384312
67039
437348
284825
219420
431340
480004
92187
94318
398098
222857
189658
399000
405573
259175
412063
34732
60245
241013
390149
257730
199634
174993
488826
349359
50445
469919
433718
431944
363815
282755
491783
12047
229691
361366
334279
4250
305455
262516
103314
358274
187550
424358
218073
185530
490021
63652
250710
142810
335423
235519
300175
459478
279038
16035
40463
95844
95776
290906
214251
302817
303398
76552
41053
149688
27213
6330
263765
496266
290514
43690
282952
209317
102697
325251
158604
440961
313295
194643
49302
46538
17228
64113
15212
271269
477068
104229
482957
271939
298092
269314
19819
221552
8390
350646
366405
269482
391396
395106
56293
55784
187980
68567
97977
90623
251997
306728
417282
173072
396383
413495
282069
453686
452266
159580
37388
158594
459838
424894
293849
294694
282417
171922
208787
49611
355636
494423
210062
136956
253233
425964
259711
393404
487889
67242
208018
446236
376432
468784
31961
423853
256047
281449
376328
421847
112055
483216
240120
165890
117738
498467
148219
175712
3642
64892
229550
82045
386839
5988
208281
183790
91276
268329
52643
168594
153553
414159
472504
173869
139641
453968
96798
123886
236120
68255
62598
158637
166156
289590
476590
311210
23169
75345
302605
334073
453600
435830
472961
393813
253488
99026
6193
472522
233358
20771
34980
412842
106933
169186
496633
476756
14324
456951
413306
173068
356372
333399
458522
304290
172199
104142
101223
486736
308240
53153
333407
278975
305137
417270
94954
248043
89671
36910
66825
247806
442159
219977
344080
287777
178121
18906
412400
125938
339516
34389
268174
434777
417924
415247
367659
388843
487607
309157
23147
276319
302720
195040
334729
4626
169843
462682
205435
211180
269765
166581
171933
157182
8595
1777
116693
267032
394154
335735
282852
81967
128016
15078
31174
276348
126335
285389
357405
335906
27321
220390
220897
69764
97021
466316
386744
417656
360150
236958
112726
439101
428674
45119
244775
79309
99965
405457
212666
251867
461762
299295
141432
377780
242016
9444
282553
338810
12636
358649
484626
125991
157675
149854
168434
301048
378870
235543
319586
130581
172842
328094
133484
382183
61053
454850
20635
102292
353738
199983
181685
328501
427929
124185
137452
250549
378156
486109
324579
361591
302030
119743
380348
451502
42961
377926
19766
30489
451050
336905
142661
373694
248302
24503
259067
170874
391476
407914
99110
18763
245535
445124
294285
109379
143595
263086
183166
187640
420650
398788
75721
1715
347106
361322
81779
116541
428487
174014
201608
31855
37796
194436
493601
456085
378192
310146
267216
455203
387498
443003
177391
316201
356563
22520
257690
457452
95339
302172
337998
173656
335277
396155
436506
333286
381837
17663
456886
98604
455187
124421
252667
226555
236004
73171
273354
217127
128166
192077
150575
27509
24536
218876
111985
478263
82266
268166
8131
208321
232322
117036
351854
217263
225503
362570
451606
119521
3302
434814
26324
255593
99660
414051
108015
184630
20356
442376
490037
478629
454918
423649
362913
241587
413602
99853
429509
121905
262266
348238
418609
72507
62112
438791
293261
383148
477530
406911
30163
368092
303148
406627
56834
42634
238813
440221
218947
39173
285566
358440
496749
329679
163045
32932
182710
289776
173640
58425
196072
38851
67850
158903
184462
226459
443696
