2605
2196
476
1440
1518
627
1789
594
2544
2699
663
311
994
2739
1105
2677
276
1246
2182
424
1970
2301
2847
467
1097
1428
1093
1932
501
2249
2779
974
1912
1099
1682
2102
2429
975
1569
1321
2689
1939
2648
1199
172
1870
1578
1830
1620
2687
210
776
1688
2780
2270
1004
2863
1847
2814
2745
82
1156
2402
2126
1854
401
1497
2705
2943
867
870
634
1
156
144
2868
1714
1946
169
2123
2474
2157
40
2910
2572
775
1735
1950
481
1697
791
322
678
2890
2034
2990
2717
1106
29
900
1153
84
648
835
2247
657
2369
174
1706
2543
1842
1443
1183
2776
2105
487
2563
347
699
1094
939
1115
1659
1092
235
1352
1107
840
2904
2134
376
918
1878
465
1765
622
1511
263
352
119
1333
1135
2514
2455
2428
2578
720
2082
2069
1911
414
2749
2216
1607
2387
1993
2949
2168
2915
272
1466
877
2713
209
592
512
1784
1657
314
186
2950
1592
2947
2202
2357
2846
1717
2450
1881
2143
1550
120
2980
417
1583
2181
1506
1324
1953
132
2106
2627
2691
11
1522
2313
2807
1512
1831
2787
2907
107
1291
2819
2764
2372
2075
103
0
1275
842
1252
2263
2893
2888
2964
908
2125
1221
2107
2999
1006
1020
2798
783
2278
1196
2715
601
1049
31
4
1176
229
1677
2173
297
1474
255
2504
1788
901
961
2876
2365
546
1792
1923
1908
1523
1504
403
2319
281
232
2638
470
710
2045
2296
1461
768
713
1309
10
1217
2268
1167
1886
2621
2481
1056
1877
1934
2383
2585
742
1329
1777
2867
2997
1326
2730
1711
2205
2646
302
2592
2094
1517
2984
2608
609
569
2883
895
1935
2201
2596
658
2166
1896
2333
2894
2312
2845
42
1799
2334
337
2451
2793
1999
375
2629
946
1300
2136
1786
1390
394
2493
879
1967
438
161
1929
1147
74
1473
2978
702
14
2098
2273
802
2302
2932
253
398
452
1802
136
2690
786
1909
2362
2801
1687
2167
257
261
2097
53
743
453
2146
2635
1200
863
2384
861
1270
1051
2547
435
555
1500
425
1370
907
847
147
1211
2900
1434
2049
2076
1283
2183
456
1178
3
1444
1580
2590
1969
510
2426
48
2047
2536
856
1248
2306
2712
583
573
1652
2731
2297
556
1119
1151
2440
1467
145
495
1885
1479
307
164
906
458
1062
2659
2264
2285
1220
1407
1942
2392
2337
2067
1965
2742
2824
1581
111
1686
1557
1548
2886
2011
2443
2812
2462
813
2274
2587
419
2532
442
984
2651
1948
735
1310
412
2783
506
2031
2799
2501
1472
957
1302
378
608
787
723
2525
2315
2681
1025
2874
2508
2709
2539
428
46
2820
538
338
87
1996
479
2992
1175
1449
2463
358
2973
183
2066
2806
632
2702
2199
736
244
2068
1850
2054
128
1588
1866
1838
1240
1639
2698
2768
539
1730
89
2552
332
1759
397
2007
2415
591
2735
909
2650
1689
2022
1826
2003
1787
2612
1236
2204
1102
998
1867
2131
2604
714
2854
123
1907
1766
1593
750
1358
1189
1602
97
2479
2025
158
2299
1316
921
2577
982
2660
1822
2044
1818
927
2191
2235
2
1751
711
1828
2287
2430
1513
1915
1152
2974
1574
2245
1223
1840
1875
1785
1563
1019
816
2214
734
1510
1068
203
2008
514
2411
542
869
611
2277
2545
2625
1122
942
2390
2760
294
131
2732
2195
589
1457
602
2844
1985
1997
1825
60
2835
688
2754
2870
2636
1015
2394
1975
2757
1572
638
1916
1354
1733
2016
1192
341
2825
2465
2935
834
2495
595
1776
2412
6
1127
488
1227
430
2165
547
2254
1926
149
474
2918
1138
1111
526
660
1736
1032
1914
463
1817
1528
320
599
2360
2480
1417
508
399
535
683
554
1981
1998
1865
875
2193
564
1712
1432
2343
78
112
1594
285
2786
2906
1277
1360
1101
2772
1069
598
810
1895
2727
2406
2744
1173
190
765
2215
2077
2002
1055
809
1718
1347
1419
576
600
343
1530
2911
2188
299
41
818
2335
1691
2385
1159
2496
1646
17
1570
2260
260
2058
170
1255
1599
950
1764
208
365
2616
2925
1879
2208
2952
2593
674
2230
2149
1295
189
2071
2207
883
2972
2573
2013
620
1074
325
2489
1803
2213
866
2884
2881
1133
1234
1014
757
45
9
574
698
2813
2492
1704
2404
681
2055
2320
336
1767
1385
1726
531
2024
227
88
1864
1406
8
844
973
1626
1045
1804
1377
2554
1044
143
301
282
2266
2676
2771
2962
1071
543
90
959
1959
1493
2361
1749
1244
792
2460
523
2291
1233
1468
312
2332
1435
1258
2598
1900
1532
1319
1586
2309
770
1798
16
2431
2816
1242
2641
1632
1844
1861
2928
2009
141
2977
2256
2353
2124
976
1126
2960
752
1839
2515
1901
980
1249
2753
2827
1323
2225
39
625
333
926
2996
2602
997
1348
2464
826
2240
468
1612
951
2502
287
1770
1618
326
874
2298
1184
303
1090
2945
2478
649
1930
1335
1427
2832
2555
1756
1393
372
2452
2969
1544
2637
1680
1755
1205
1124
837
1863
1103
1746
2600
2830
2437
2831
828
2655
2438
537
2860
557
427
1026
2680
2144
1436
1073
47
2571
1498
780
1237
1241
966
222
876
2350
151
1782
1155
2568
1077
902
570
821
2084
2060
2826
2719
1011
65
50
553
1160
1451
1064
724
1917
2072
1146
871
1698
1571
1413
2229
1554
943
2023
1266
2351
2701
1675
2981
1409
2070
2785
2226
503
1783
2314
2073
1383
2803
913
1841
130
928
1395
80
1285
1529
623
2903
848
505
140
761
1305
640
2458
2293
36
413
2653
541
2540
1562
1745
1713
1038
1551
1229
1397
1235
1158
2809
2898
2521
771
1974
377
1905
1720
1664
624
349
664
305
92
1145
1086
1410
2576
1913
1399
1081
2048
763
766
2892
1357
2610
2758
1209
2461
1534
2580
2089
2418
2986
549
811
1250
1447
262
1919
1180
2853
277
1604
138
2488
1422
2987
420
2041
2848
1453
2111
2777
1721
2665
451
2290
2115
2929
1995
1972
2756
2160
650
270
2985
2762
1617
175
739
274
1611
2920
1325
2957
386
180
356
1047
2231
63
2121
2796
2513
509
2706
2736
1561
701
2374
773
286
1739
2087
722
1456
1336
2061
178
2773
772
868
2482
1590
1117
1624
578
730
2370
2527
746
1100
2839
2155
944
762
824
954
1600
2855
1980
393
936
2791
1723
2432
2519
1621
129
1960
2379
708
504
1003
73
2686
1956
2283
2859
2955
2520
460
1362
2954
2530
2093
2036
1269
2919
2485
2062
832
956
2533
685
1754
439
558
1263
686
2695
559
2043
1426
2759
1488
77
614
2726
1674
518
1489
1667
1215
2346
2916
1464
778
457
2649
1857
978
2393
1537
1087
496
1516
2080
2347
1672
165
1216
275
2375
2042
1495
1425
2989
960
219
2140
935
1597
1339
862
2444
669
331
173
1418
1157
1179
2483
1641
679
2775
983
95
1963
1404
1213
475
2190
596
2613
2607
461
1226
2951
2529
250
1368
707
617
1619
1369
1219
677
321
1539
1198
2815
629
1063
2399
704
2397
72
519
1794
758
1728
2603
1576
2632
1273
2922
534
2459
1899
1001
2741
1973
443
1320
1150
1037
2021
291
1477
1897
2541
2983
449
849
513
1962
2875
1278
1945
947
1284
2518
2662
2449
447
1471
716
2078
2849
2164
2425
168
226
1524
1341
839
1065
665
2200
727
1582
1130
2227
2057
212
2959
1779
18
759
2887
585
205
234
367
1771
2622
604
75
304
815
1547
2427
872
1924
2386
2623
643
2147
2640
1606
2326
712
2733
2234
1658
988
790
30
540
1123
1136
2668
2811
885
1257
1555
2030
432
1355
61
2473
207
1679
830
1376
2310
2833
2692
38
408
1989
2550
785
54
182
2026
2389
1549
2223
1210
405
2154
1177
355
990
1922
995
2666
1072
655
969
1430
2956
1656
2942
1910
1163
825
1154
2400
1085
1188
1161
86
2674
2083
2721
1874
584
2657
1978
1921
79
364
1724
2707
1202
1837
155
383
1608
1836
2896
1349
2373
1485
379
1796
934
1668
1567
1894
1846
515
2656
630
858
1601
1412
101
2526
675
1259
1568
1527
266
2248
1670
436
1174
2505
2246
2968
588
1012
195
521
703
1036
1880
2398
248
2237
242
335
2864
1892
829
300
1121
1208
1165
2697
2307
1734
2116
2127
2352
489
1017
1379
788
1429
471
1294
2617
1289
1992
1491
656
1301
2395
2210
1542
1883
798
1732
2477
2862
1556
932
2275
1882
2322
2696
1423
833
1382
838
1061
