79681
67315
50227
26003
30404
90241
50544
94051
31578
98604
2877
75961
33357
96194
28556
17063
3703
15327
53305
93405
88249
61175
20000
51449
49908
26945
16807
82401
25961
71561
65257
82711
46513
10048
78519
4334
57524
29820
68567
36373
7690
62071
24874
25366
35235
18601
42730
32298
70585
4611
91730
70353
8178
97976
38480
31459
81944
64812
69570
77728
25311
12507
12910
37291
26739
67156
58234
917
20872
63384
60197
16961
41887
1733
52413
33140
82885
35768
1041
46660
7822
75635
50371
85503
14445
90292
61901
29125
90204
40951
51657
19891
52406
99400
6131
63641
23174
48023
22624
42726
33006
37175
56999
17085
59754
42269
29942
51497
83784
98586
31361
23156
6704
19373
69706
64893
23783
40716
51259
63098
1940
22785
95354
14043
16293
51923
38965
47137
13570
75491
10302
2662
40956
7445
60675
17597
18398
46903
52813
9402
12188
12445
54747
91285
79934
49650
87495
97157
81763
75351
51150
24535
16303
94045
20769
39887
45183
50188
75710
39949
34419
41099
70126
42167
60763
9713
75308
68275
18680
28664
93684
35822
93341
2781
75110
20907
20706
21002
1956
37825
73381
17381
31615
91532
66390
2187
56103
66547
75342
8372
89327
92740
57155
96990
40448
75749
42933
27925
84299
48225
66678
624
48319
91274
63992
24840
56349
72939
63451
154
57823
55594
29294
20873
15928
27447
64253
7138
80306
53329
67123
96525
64536
69750
5901
68178
32733
30327
93882
68507
76069
75983
65886
3175
67817
26643
55484
54177
24749
75412
73821
29379
46687
12685
24678
29844
95565
62874
2908
31873
42754
23726
76289
81906
90787
25054
1409
64227
10375
13433
37629
57347
42828
16425
7002
52487
38757
17320
45901
2951
8833
32059
44707
9041
92708
46890
28206
66186
65713
53064
83391
15814
91826
13292
63373
56417
28864
23471
32144
94469
59926
40850
4965
67323
28102
95700
94978
50968
50565
84802
14459
7403
52700
33503
88136
13177
94770
1443
62231
5672
25066
28130
92780
11409
94671
97294
81685
42136
49126
91767
38948
26639
25382
15320
95680
38786
43503
34346
76894
38815
96591
70692
74598
46699
15882
35972
72798
14789
66024
62289
82553
46159
29793
86059
63923
11921
53544
44310
4627
53819
16698
40456
73819
77451
35887
28696
59028
15875
22795
1925
82481
4209
5561
7030
17921
95912
79294
18474
76803
28441
55104
81729
69686
76340
50109
84732
13466
21729
46215
47990
48839
50845
99984
61755
81673
29719
43736
94837
45419
34541
86790
62592
55029
41776
17297
962
44487
30133
55178
57326
7804
82248
14114
94901
35525
46547
2219
25209
38921
94600
20313
52300
44393
62170
65555
26126
61359
2217
44787
703
58898
71239
98951
45037
52546
91605
56706
10949
25262
59428
12911
40881
23151
69521
95657
59381
24801
12895
98749
19457
45359
34761
84518
38144
7630
19073
10428
23559
50578
54021
20790
71702
93312
1690
16905
89493
96143
88325
21696
68314
32566
53031
5866
46978
54303
78439
12560
77157
36995
6641
64719
53542
26926
52991
51412
18682
86637
44358
16665
50493
72170
14799
71501
1059
64888
80383
71363
1176
60087
29482
68826
46339
15187
48265
15155
16243
68642
90617
13138
79400
54515
51617
7885
60775
10527
73220
20242
20743
52472
55110
45907
56322
11956
3467
65739
48818
2308
97930
14392
46030
47797
45374
74319
65117
5239
69251
53866
35095
8779
87986
63506
13888
71478
11248
19443
94428
60511
93210
84115
73406
34447
26638
62806
79458
59341
475
46423
69836
61692
67464
69753
13856
48007
62276
4025
14143
74735
89469
77613
57092
93824
60042
80779
59145
9619
50212
28292
49129
661
27485
79366
66964
98082
11182
76271
37012
21722
86279
24330
21630
37024
26669
71392
63831
39973
81472
85816
96481
88068
3892
82504
80178
27646
84740
34637
14934
30704
69544
41028
87820
65220
8340
23246
22955
79134
49067
69252
35774
56345
36473
63669
2888
45118
60331
84257
21607
82285
27216
40114
22846
61129
15931
50608
18810
30590
64188
10149
48254
87740
16348
64930
83849
37152
24512
13317
8820
80347
12216
87055
27712
70409
50945
66800
3282
85773
99647
7923
66426
48463
92693
67613
27305
85881
31964
67376
66980
77187
77774
55578
59484
66538
58770
50439
51436
31269
65778
22420
85377
5874
41605
43066
51353
84466
79867
51663
79767
97123
24238
41080
47351
2599
96354
10105
1781
82434
16223
43486
19254
41502
506
70919
20966
34526
38077
47546
76532
91203
772
40191
54717
52618
3210
92185
49705
82048
54388
97059
13228
73952
95893
97451
74943
88648
36926
37139
93112
27358
98275
20036
52558
43705
49564
4927
38545
99296
52252
98936
92221
53851
92266
24044
8950
55145
33065
11035
22136
94058
38729
21445
20292
31093
53735
31828
58284
821
45210
4819
23331
20732
31489
56273
58758
59842
13713
86758
57445
55561
82551
94434
50325
58128
52717
88564
35839
65084
39868
55374
119
9161
85216
65253
44226
41911
64347
1604
9368
36721
1199
32041
99265
69752
86476
60173
42502
52854
54532
77114
82725
3540
41510
16167
60311
36467
61354
72126
13198
31690
22487
57702
74910
60411
35725
95081
25880
65165
39411
14847
16808
57236
18691
81882
4107
284
99736
61980
32939
39487
99703
62377
8485
2615
78393
18877
7298
48469
75875
61084
50321
91265
75678
65741
89666
86977
47835
73387
89635
6929
33677
3330
47210
39927
59396
77985
53966
74933
18343
76839
63751
73588
76743
51382
49825
39956
52151
80052
60120
66224
45814
30292
71910
12408
69029
39095
4953
24164
34204
10831
38315
97520
31474
50171
56215
40831
14040
40344
92911
55049
46097
34538
91789
55650
79770
34966
84117
79299
50162
54646
62769
12107
72216
17208
56158
14296
9102
81931
86751
99740
38534
22724
2371
96822
91450
47791
29488
52992
61506
60476
7201
66668
1868
33000
11230
45801
93739
50099
73172
21052
82487
37489
12845
66292
58280
86702
93119
80925
30439
21192
58838
79804
25
19171
28394
67978
85050
83612
14307
71589
88695
82261
96618
57681
56838
88807
41146
91104
25735
49
38713
2332
16865
18937
88142
9785
55105
13345
21433
89131
78825
42236
1887
87263
61328
83706
34960
12961
4068
64756
59330
389
58470
27660
35696
75035
59747
58943
50529
11826
49948
34805
41125
34036
6818
56141
48985
39137
2159
96229
66998
13438
71002
69888
12080
74167
6709
24572
93683
35407
86212
47897
20933
73539
45075
23658
15395
1609
62602
36143
92045
39042
77598
71288
98440
53712
83272
60666
82027
26219
8963
2732
86383
71872
43569
65499
77677
31323
91475
57738
61638
9934
58967
36808
36062
90450
86530
57821
41609
19524
72569
69240
25902
99909
45775
84142
11876
9302
36558
19556
30656
23146
27355
16724
82190
93858
11949
64257
65424
84730
84873
44360
97024
30794
53603
31647
30503
89892
84651
203
97239
32324
595
49375
14618
97798
47194
28101
75207
87237
32447
41415
82535
74844
55507
11807
43849
90568
91215
71891
19420
82570
60030
34314
58235
59683
96777
52323
63101
66333
46938
82054
19821
42518
9896
18960
84195
44018
41530
89181
13744
70439
78486
27914
13708
90053
85960
30383
50016
91421
78783
40988
73154
95973
64831
77025
85240
96870
33102
83539
15547
41517
30282
40866
18927
41215
51180
61308
34577
4666
61034
95084
89561
94223
53834
40663
96901
30135
52182
15717
74462
90324
43252
88871
40002
29730
80687
85867
95399
34405
30783
30475
53844
43341
50454
41056
42879
10687
61030
57378
25046
64976
64419
86080
67828
91801
31344
3199
84245
86694
79534
11981
54085
28437
88462
95468
61642
67480
28534
43233
79773
51097
80563
62604
44121
54410
27351
14855
49272
14125
34117
98350
47701
55687
78721
18934
11569
94523
59180
56500
7083
73149
73432
11673
36077
11868
47875
17353
59169
70077
63640
45279
12192
75036
29191
22227
32729
90824
15966
16446
22933
30433
55234
86349
29743
76128
86550
43346
11199
11399
88475
51771
68835
44859
83202
7330
69012
97101
78757
46300
18200
26347
44618
20470
57512
53926
94941
12595
46011
42910
60376
48853
27310
95508
65697
59034
68524
74019
37907
97081
85825
53737
27060
32774
62751
44145
64262
95520
14249
47325
92728
14710
53519
45799
33061
11318
83162
63132
84313
54834
70101
18598
20025
14454
48873
55770
32715
19693
18774
34578
75049
12175
87019
58167
53791
21165
14009
24916
12360
75366
57313
36964
818
84249
74272
33513
55440
33184
71502
32871
22284
13875
16115
40230
81548
1451
58124
59325
51847
4670
32055
9357
5552
72638
75069
46972
38415
20550
86155
73161
49984
34232
38870
16137
46388
41993
72583
81655
76734
44190
68695
7756
83882
69881
22263
89366
83614
78481
95277
27649
45339
1948
23270
47285
94087
27986
36644
12410
16393
38892
98581
52934
25684
17926
66050
59579
67229
87990
56605
48668
7608
80004
25521
30094
42271
70440
22773
10350
18134
49716
24693
59895
97427
5138
2049
23228
60910
96164
59809
48660
1502
41348
25874
16898
43533
7485
38134
6992
69267
51202
59317
76354
86534
94290
34894
76749
98746
45847
78739
89092
9743
15775
21737
67009
19145
63145
99559
21586
70413
58993
53761
25350
27297
20941
14634
93176
68632
93147
48322
76962
64310
74900
14176
39570
77318
59220
78554
17429
25842
74379
60524
36363
9875
52232
16169
46802
93421
48791
44799
45956
75735
22405
36137
19596
62082
33992
5579
7293
25201
54020
61239
1682
29080
67185
96261
34642
12897
67075
15273
56772
12891
95027
59985
80286
40946
8132
46408
79980
65773
5528
28503
73238
20262
88948
5958
67342
41397
7616
77010
86101
87067
6548
65081
45582
15709
28800
81617
23292
69235
12782
92144
93360
23908
17378
18477
15558
73893
69657
84509
86043
81848
56699
21243
93260
82710
83588
32368
5927
94331
99214
19022
46924
64901
27277
40376
89272
327
12301
33219
83803
12469
77555
82296
68599
76569
7001
56531
67105
73242
26485
10459
92540
67810
48502
18331
78118
78778
99843
55382
29021
10308
59286
84522
57517
16570
13980
23274
31613
82341
98957
27335
8551
36343
16403
29933
243
23597
42511
15186
16392
74045
67088
99720
41359
38865
72993
47099
12092
78659
86233
88123
68652
11813
18253
86064
8992
88783
61846
86991
95638
61558
94426
68465
29673
94455
1281
99594
41742
3346
59577
59124
15138
59823
29391
2796
66219
42428
55231
85944
7208
4524
8312
6095
38570
58678
97003
88060
78592
97272
67553
73656
94904
86779
67966
19733
31689
70876
23552
12324
30268
78792
59698
1835
71840
69463
67785
1744
64363
74794
10743
96132
23262
21031
87865
71056
11045
95072
84159
31124
65472
90391
29570
17560
86357
80217
65729
62095
59189
64580
29857
60868
19132
80675
25841
90632
41938
51401
32742
24471
55410
37516
56137
54495
49954
3826
94957
36323
23610
38007
80860
31965
93710
95824
59436
99398
27394
69695
73966
92825
80245
83408
92330
14971
66956
24141
85436
70578
55807
64769
91049
73694
51801
35967
93775
34163
34758
491
25138
77537
10957
49757
60574
48210
84814
71881
89359
69698
45383
10710
49135
10073
94641
98975
55162
4798
71863
86030
36921
68974
79574
38425
29281
50094
20845
89235
21867
11290
20163
75018
34218
59912
68240
26981
40541
91301
15174
52262
71233
81758
26502
77978
23742
75575
4410
74833
28174
24779
94924
71178
55801
90340
94745
75619
69514
86171
26697
99392
46155
66723
25556
49123
52283
80311
41207
11653
56696
2786
82769
15184
51809
98888
93535
67099
20007
16679
33008
85607
10867
71260
94507
11223
33968
77432
16710
95879
50010
59523
50891
35905
43985
16350
73353
83181
85793
35067
90224
693
62879
78488
99947
6054
78894
95135
97333
94462
45698
87695
46403
12464
46899
74771
73179
73906
24308
94490
57396
53167
7650
26799
26435
73861
26605
83156
79509
942
84583
58145
88268
2817
17294
810
43351
40254
24640
29700
6108
43336
70430
2758
58246
67370
73416
13899
21441
12083
83687
66867
37582
64130
68602
13973
59168
73118
88009
17425
25035
18983
31010
22296
91953
75012
93664
17142
32759
47261
4436
91514
88409
19439
28606
90971
43500
53724
16467
72847
54575
13277
31910
9806
74994
5413
63555
6370
52880
11644
72331
43258
93161
58688
24035
30427
8835
28572
5992
47000
60753
1438
20174
68272
25824
35023
49431
67768
98932
51122
30211
76487
96139
52082
58067
94150
79882
42183
96005
8920
11204
13762
43021
68772
21685
3156
91200
28718
43963
83172
84823
40259
71766
75102
94207
31692
24607
74840
83207
85888
97947
9149
48759
37783
6380
29454
44733
74478
90706
34575
40180
14361
73444
97316
18081
2388
8394
43467
17022
84849
80528
86722
69027
60900
5079
82936
92344
82901
39997
5816
30954
34231
24077
14416
94693
34549
12693
95243
81879
34840
68094
304
97145
19300
15034
75453
5537
49642
4280
44496
67751
55095
85158
61076
77892
34434
80949
2359
51383
4536
58568
84862
82324
70075
61708
93971
45083
47647
59646
39033
8709
68842
83502
13499
11236
24290
20764
17301
52328
51347
14167
80398
35375
32641
61684
30674
69221
55339
11427
11303
93013
94602
82337
37448
37620
57420
56512
68409
66646
47506
8804
93581
89088
90958
42297
67524
94676
11420
69197
16533
39757
51289
73244
82687
53606
51423
48874
41702
57278
40910
24937
68233
11428
54136
56895
58079
92101
42595
71854
13781
2481
30852
91355
35406
33913
68386
27204
1582
26732
27052
69786
19600
30323
85509
92139
97231
25611
51541
17059
49141
77220
39266
58950
30142
8756
88162
99282
50112
79768
67602
24765
5897
5097
23889
13247
51968
82994
41293
20141
65233
88751
78780
50318
93745
47175
52862
56368
55300
86051
25524
8581
26675
12255
26680
66954
98236
18911
15285
43980
84056
99908
5314
45142
61767
75594
8566
65918
83957
7983
89136
98728
31513
80726
69816
9546
25296
67326
78378
51261
75930
75037
46572
80187
18581
7638
9674
30283
20308
47617
7354
14399
90132
86264
17029
81297
97188
84279
68114
1898
47366
8183
86583
67878
19436
41655
20381
89822
64948
18405
62308
1687
54904
74846
58928
74625
83707
36924
91645
63810
33518
11978
20119
37307
86102
4103
9213
51975
51410
36736
94437
69432
89001
72983
9460
29019
702
46739
15908
44694
87206
27514
66358
83173
63112
17084
9311
88262
47921
71087
96823
90888
5121
30285
79776
652
2365
33415
27552
93078
60224
47498
53175
5501
92143
23185
12786
94141
66718
33090
88430
44796
31857
65565
89125
65437
63698
63802
45222
97106
5840
96651
40035
57337
40293
47046
37872
19424
51082
89693
74363
7586
60922
90609
61409
75676
54204
62228
50433
99860
57030
45107
64929
32859
74040
63521
95535
76160
8866
41186
39948
45477
35051
21881
46177
55081
36222
57411
43098
38172
46138
39484
30485
52724
7310
25612
13147
81293
1874
27363
89265
15602
27448
43170
2454
92726
36538
9503
52964
60153
85043
53826
4326
23467
55699
41878
53193
57699
32848
98196
955
21961
37881
2581
19571
87528
46565
67531
75765
36124
86926
20524
76637
69674
98145
18112
43784
85032
5844
64092
65270
92000
34010
55169
77724
34382
42213
7303
80543
54289
72691
64793
10839
26666
72295
54974
56311
99632
13287
31169
32389
20805
62260
46095
12339
8602
17949
41306
74848
4942
39818
44648
31402
26432
84433
48373
67455
47726
45512
81349
14887
34223
69937
72424
22964
30925
50564
96364
48568
16637
92458
85514
35098
47898
90548
45466
98852
44823
45243
16670
18830
58841
26458
64816
93324
2974
881
89039
54101
42751
50095
25390
14835
34834
66491
92488
40813
9194
48789
4811
91733
88
32959
57450
65402
28709
24122
60434
61373
36828
93217
31509
53600
75558
98983
44022
57183
64465
53295
12387
6110
787
24704
16800
88219
40102
96921
84745
12868
83437
17469
95172
56975
63631
4488
69713
51414
32347
83068
58182
40163
62515
17479
28838
28278
16625
83505
88306
8174
63807
58326
43290
39040
87505
19607
38751
29011
72667
97299
80568
93430
49202
67414
88155
40842
80833
86872
58348
52951
31451
26159
95697
68821
96170
40712
87154
49100
79247
28879
80608
14057
24759
29833
29214
64562
23573
95151
42172
55329
24239
67502
61811
18300
83118
20898
28927
97672
40255
84596
41106
72747
33417
68297
91849
10832
52818
16660
8976
38685
88006
69187
45934
80067
74381
99781
5513
32911
31024
10728
80252
17234
53816
51113
20726
58935
43876
91120
39500
76457
36887
27753
2630
50824
15675
32945
6244
45760
58427
97217
33946
70656
40686
52720
29013
51232
35116
8957
46775
93792
81811
95167
27578
84607
51933
92965
12501
214
37108
73228
57114
95442
81257
27828
61465
5404
3573
96480
2502
37164
7048
4752
35149
77977
56957
91402
63837
9564
7589
81353
50138
74941
4466
78297
66246
97480
9899
55158
54033
13094
60980
45908
74273
70277
91979
58303
20334
70813
63136
66636
18267
12564
50466
2797
58185
36741
57875
88459
71303
89590
19382
19726
27064
82632
21762
25481
98457
66799
94275
11707
57830
35585
86505
89976
97638
23106
16638
88205
42105
26193
46932
24155
39934
92985
62160
49239
28109
15652
84123
82365
13236
91778
2268
82516
39331
77738
86126
51672
98858
88788
8238
41216
42930
8531
35372
10187
95891
2829
52822
85762
945
31821
26388
47028
12606
46833
65974
70738
91445
30170
81046
398
65355
98879
70248
49749
12642
48623
13079
23604
28754
5475
65938
32354
17516
81426
63463
72287
19944
24577
60203
29552
99015
25732
63840
8790
70916
17417
5010
97196
1644
25286
21428
67309
92116
36148
53382
27080
56233
45776
29751
27509
15926
45275
71535
53506
41469
61876
80141
60750
60072
89146
10596
50041
51512
7945
39267
69274
42054
36075
95359
90148
29618
4128
88530
39597
978
71745
62881
80112
63921
21020
56430
76918
804
5681
4451
30009
58380
67778
89471
30380
95047
64937
83226
11237
70495
34501
17495
30474
82313
77499
55600
45396
17508
6750
33692
63188
22897
70985
32012
74881
80272
99451
4270
2882
50261
18847
48888
72023
31593
87665
96516
10894
88865
2091
39240
46527
90048
31233
15534
60623
35555
12195
93699
71570
822
52213
40154
62218
77865
16388
50643
76596
91028
27121
89951
79371
72653
9726
28476
5898
97205
2007
59460
46961
31677
95734
3100
67900
37013
83587
79229
35339
73614
48799
89237
75449
96101
82005
35931
22361
97447
78028
14922
26373
46259
14941
89112
63991
59663
1895
48461
5363
45882
29486
12077
14619
95903
72301
38562
98508
5797
35164
57863
11109
78594
45628
27926
2532
70661
48614
90730
52602
98502
93658
78375
75051
20509
79971
99177
76262
20181
57240
70371
33887
84995
15182
66345
67261
61023
46710
53987
1819
75859
94114
39746
28828
61504
26644
20652
91860
75970
98905
68937
33492
94057
5465
69147
35155
20024
20948
83607
34019
40022
10977
6593
88417
69915
152
48188
77278
82930
51528
61615
48401
93831
65386
46807
63913
76579
51632
51675
63220
47602
9022
93061
64242
60158
59901
51101
70197
95751
76705
75311
94598
79192
96068
97279
54104
72841
48877
72618
68610
1666
84589
50136
71125
71528
18258
99950
18570
86424
80977
69468
32667
7943
63646
79291
90842
55255
58903
94651
25034
72976
49778
65209
82152
3028
99309
54087
60029
47723
15584
18850
64436
43611
83196
2771
9537
89254
71
96212
80168
50420
41301
62354
36127
1519
39352
91109
92860
19127
24720
15055
75370
82435
36516
24690
62663
50098
35973
94608
74928
35733
12150
61813
63239
78663
3711
95556
36152
26518
91314
52628
25461
13879
25840
13121
27474
15153
40683
58407
47552
36809
55409
59766
20126
99080
11563
65903
39751
71643
39249
74369
84189
43257
90763
84277
48407
81435
29479
19211
70874
5621
57432
50673
72389
19648
71511
71352
24520
72250
7448
63025
76515
15062
87995
43053
97967
82571
20218
39789
69453
37518
97449
18728
70028
9046
71833
77995
88584
81
68068
48328
93023
69239
36353
99855
29487
70266
44427
51358
85516
34633
68249
77706
28445
29888
6981
5492
22334
46968
48233
86800
35353
82214
6852
91621
63359
57807
67255
90640
49703
36752
95169
45133
83494
1271
23248
21558
36588
32580
89388
19843
98225
41910
93153
12705
94932
22293
17218
10477
25493
91527
43670
11397
82497
44080
92277
90983
22617
73878
90396
72173
92832
58400
17192
36613
28462
99018
58736
96801
89791
71257
63516
22631
38973
68236
7191
93884
24058
32226
3788
28890
73450
24329
17943
79313
2353
35522
39436
18689
36862
82699
84673
82147
73674
7694
73067
64000
85757
91345
62424
66495
17867
44474
14365
90756
42301
57649
73141
64714
45344
59851
49241
1655
48464
55028
33521
20640
43030
47196
65661
42364
50909
90197
61583
28506
82471
78930
75570
22137
88641
40916
90155
62686
26585
39878
38908
88620
57873
58578
98386
33239
88894
62303
57173
42551
98041
70034
13497
87930
98186
2728
20297
76146
95694
46872
21027
30182
55859
80139
55678
17659
6891
48691
83632
4574
90880
13945
46902
39402
99512
36287
72726
36759
15844
68761
66752
61457
92176
98065
39069
69723
72746
50486
66206
24684
3874
41892
77265
2513
26494
3104
84061
4896
48763
83501
82273
66890
31643
29297
36712
62533
90559
46696
84049
23240
51455
3648
81817
69683
8079
15793
34727
98150
35546
13427
50392
92531
53267
22983
36726
8619
83465
55664
79736
63667
37391
19165
77302
83816
72623
38950
58202
90989
43853
79616
21813
87358
47177
89647
15659
75173
25760
47663
11537
25344
30349
40835
39374
34667
25777
70968
75026
55254
76514
92966
53992
2717
88813
85209
82911
87430
80322
64109
56161
13104
29107
90661
76754
38371
74042
43900
24996
60241
70433
74782
16149
50290
95727
95640
97049
22192
51282
77007
32936
46813
18766
95188
47728
18378
57271
90658
43587
88279
82029
46816
52689
21912
75314
43918
65127
6716
57161
65377
7357
5038
70012
70543
96589
31987
38561
73578
58401
12030
22560
6903
56611
67565
16020
89625
13122
91786
80024
49662
65949
17682
7605
76686
960
6098
94574
35446
90431
13132
14959
41648
34699
52489
52514
6144
50794
20217
84422
84012
964
4934
22184
58800
19037
32416
56257
14145
70017
3784
71675
44228
45636
4957
3105
68742
6418
9493
57073
37264
56557
32307
97715
13806
19796
64036
89544
70080
91637
37333
63518
26740
31294
20825
76145
8557
99305
11253
48507
99278
20026
53371
58822
30501
64799
80499
49943
55777
53109
94593
9385
50562
60417
50965
31853
1317
80353
4097
75764
41827
88979
83526
14311
91388
50644
23664
65730
92743
83486
60583
85459
10691
42946
88349
30930
23330
26290
32881
89697
96905
7932
19715
48336
67321
44525
19782
23953
99566
30678
35367
34647
42251
23868
30257
32079
7898
92770
17870
25609
377
72813
79087
45748
77307
48981
38878
82741
14156
85427
7702
89295
13919
13610
77958
75377
90208
61044
35561
19980
11309
42255
453
4797
71798
44203
22358
65876
25412
75522
56115
46870
32022
71180
36068
289
43841
14450
13520
2303
52367
30388
62380
72792
69258
67402
74921
75211
93822
89990
88568
86069
33433
39090
19955
88077
82408
41676
21584
44655
12976
30866
12626
50482
79760
62702
75902
10360
64891
45218
42576
85928
5640
87612
54603
82100
24246
97416
24818
63740
63323
40245
85076
11342
50546
81043
83097
16606
92124
2879
19054
46110
75716
3473
16473
6390
55369
26758
52711
6573
76137
25697
80191
77711
58289
74250
1612
82771
55272
43969
7691
71588
35686
87470
71730
70596
78020
96882
1971
57849
69236
14888
95489
12720
18473
85257
57237
36110
23425
27024
30696
73286
24158
57033
90478
97152
663
17611
99932
2837
61231
95706
77734
3300
50858
98259
62052
10987
97949
48716
72742
6037
78292
80106
67967
35771
7193
82921
27602
94508
79450
9457
79577
15241
4883
16048
33394
50918
14678
51223
72089
26498
79750
68310
48809
73397
41917
74410
81458
91304
95166
97351
15194
46158
29169
36424
34499
46156
3938
4204
13630
84465
56293
53442
80537
5145
79609
17800
18572
31254
11081
68331
70665
66301
74264
30181
15094
71764
52839
89605
45236
53456
77055
86049
28670
23398
31839
58602
12277
37651
38052
38493
40699
49106
94877
67968
67679
72335
62337
57553
90378
5355
13290
44966
44574
64364
52583
29122
51596
80512
64916
17457
67111
46489
41192
93666
68086
91308
30042
87569
91043
68047
25318
5064
72818
77717
31617
97075
19949
64170
12371
52491
88815
66802
95835
97642
39384
37308
48306
31179
88350
38519
38529
4487
14976
40875
68008
86994
40710
36032
71489
41886
11424
34159
52116
83564
21583
25149
17331
94892
91217
74179
48192
62322
94581
69388
66114
82249
43442
60105
51238
11084
67161
22847
83822
88890
54408
98240
18481
15963
93620
4457
75533
99990
53997
42238
19558
39391
58978
30863
53994
27341
20204
84870
34376
75235
95156
49263
26064
19713
65492
15089
84171
4690
49461
86038
9300
95204
11384
39661
27321
5655
22387
92149
20671
15421
62047
37698
95247
67695
89986
72403
90505
96032
45637
38643
85898
28772
10025
7326
93828
93833
94675
1867
46245
827
29046
59831
46187
3197
51063
17045
62412
48580
69597
69614
22903
28405
22001
2183
7867
34107
12525
41786
79103
46823
21995
17015
86831
35524
35229
48554
21043
69689
21295
8082
97614
75643
85824
70533
24793
45806
88717
359
41611
1591
23859
61568
67609
47416
23894
98904
24760
75199
6801
29090
17984
58473
38316
31242
42988
32141
42349
1093
73682
49534
64232
17942
26618
14424
82974
85904
85781
36979
12086
18667
22375
47556
60410
94560
23738
47952
80229
84090
93562
36823
63820
97241
1776
32874
39304
44273
60451
94465
21176
70576
4119
65181
87757
46374
62704
3314
51819
46883
23692
60844
4582
41982
83506
41937
39132
65818
24897
93996
25300
59211
66621
40811
24203
93816
96625
386
30134
5688
85082
33758
94648
67481
50819
18892
63376
91915
50314
80162
84987
31558
47906
33945
98499
40530
96563
32405
81139
99920
81174
23473
94067
27556
50275
69169
67854
84896
91679
990
48610
20461
66784
48596
81540
70866
65983
69778
66713
66010
2593
7654
18513
45443
50572
45836
82891
5854
10274
58032
63362
6374
80282
99014
17388
65902
49423
80037
37667
74487
643
91655
53971
81289
77755
13205
13759
47355
32015
55878
13730
2904
56864
88161
64197
26845
22954
54524
23286
98580
63395
63189
90669
40169
3515
46677
85048
49961
43874
90373
54716
39258
32528
12956
43239
52778
77528
99819
16173
79494
70858
28555
92331
57011
18156
6692
44353
61394
56586
86706
77176
61669
3038
34076
79444
21064
6555
94755
10555
74396
6315
36562
78758
45117
94251
24309
40421
32267
40129
64203
70837
57441
23392
62712
64207
31168
7474
90115
55580
81618
75251
33537
57575
63847
65544
18964
5427
38236
24548
63029
97422
46176
63144
2591
33181
34311
72489
14928
53730
75701
80732
29950
76893
7282
83739
70555
25370
96807
69739
14171
53028
2856
24490
13825
38115
34828
43825
21304
19929
74464
45214
64767
58078
50253
93180
32800
99952
66373
42948
29828
57941
69604
47685
38266
67336
24117
34796
10436
89033
53148
17881
35841
50157
30909
45824
86880
84871
85830
19642
24384
47734
42123
37640
68568
52127
40037
56144
34529
23089
23505
13304
46686
32962
97710
20014
67840
56651
41268
1928
45444
54399
82539
76661
25567
55700
81387
41524
56518
49266
3182
65626
85936
19724
38759
82205
24574
65219
59604
46935
99901
96556
72595
67646
19819
52873
12118
15692
94808
95320
21798
28265
98015
45216
99029
23265
48613
76132
59335
50298
7040
12146
83093
30871
38849
65714
32876
87404
53846
60719
82658
6122
18829
57888
94798
73109
33523
85446
52242
89081
15217
79422
3673
81480
92590
1450
16760
2846
92922
92685
8807
43715
99579
78953
89301
87071
25901
81710
42559
31954
25576
96001
73863
92967
29097
77674
57527
3724
6602
88489
46291
94854
48160
85529
58730
25020
85771
64550
34191
14190
2872
43889
15520
90509
92607
78786
57368
31852
76666
75645
25674
77822
35598
64410
85758
2434
52718
2457
66448
66141
77530
86226
52812
70256
50033
12535
41625
63301
27395
68263
35034
15028
92524
33285
52551
53708
46298
6079
46308
74997
13057
74640
70895
55766
74260
74311
7222
80663
67438
67590
67571
7200
74147
74028
55683
73778
67857
12109
55684
74107
5337
67551
74312
73951
74119
12203
73916
12088
46828
12226
67621
74004
67717
8795
67722
55658
73924
73866
74062
73896
56114
55904
67708
74175
12228
67865
8910
8942
67843
67456
73789
80734
74279
67697
73892
8952
67797
67984
70567
72333
72310
7648
54850
72300
70497
7659
8102
54821
54816
54806
5204
54905
72239
54722
70581
72230
70595
8071
70620
70637
70658
54661
12487
81419
70224
72617
72596
8233
72563
55075
70160
70162
70181
70202
72453
70204
55066
70704
55050
72408
70343
55019
70376
72368
8144
12402
70381
72354
70398
72343
71331
7752
7753
7754
54538
71877
71867
7921
71828
71291
71814
71794
81526
71896
71773
54477
71743
71429
81576
71715
54368
5150
71652
71577
71595
59068
72070
72164
5187
70743
54624
70773
70848
12490
72086
70944
70961
12496
70967
81244
72062
7978
71006
72006
7969
71938
71111
54556
71142
54549
7749
8517
68877
55430
55415
73320
8547
69038
69046
69093
8520
81051
69153
7399
8586
73224
8510
8500
69203
73198
69231
55342
73121
12317
69295
8473
69322
68450
68123
55625
55620
8743
68259
12250
68305
68312
73540
73528
80986
68338
69344
68491
55510
8670
81001
68541
68618
68699
8610
68760
55504
73383
72729
69682
72860
69720
81193
8334
72804
69738
8322
55143
69771
7535
69793
69621
69826
69837
55125
8295
8292
69861
69875
72662
69927
8265
69981
55103
69429
73091
69378
69380
73052
73039
5267
73027
8448
8444
73022
55259
69393
12239
69434
8427
69477
7476
69557
55239
69578
72924
72914
8371
8368
61893
11605
11606
79559
61649
79566
10551
61662
61689
61771
77330
6274
77315
61852
10488
79583
61643
77283
77281
79603
6290
57804
77275
61895
77264
61904
61941
61951
77226
61965
57799
6224
79423
61114
61143
6189
61192
10659
61207
10657
61256
61306
58139
61391
10614
6221
57749
11566
6226
61461
77493
61479
10588
10587
61540
58009
77456
57904
57889
61590
57880
62456
79715
10372
10371
57598
76990
57583
10356
76931
76920
11679
76910
62446
57552
76889
57622
62479
62486
57536
76824
5625
11698
62642
62654
10264
76773
62679
62688
62757
62775
62162
79622
62031
10452
57731
62051
6313
79664
57721
79675
6319
77172
79679
62118
62144
61108
62190
62195
77102
62202
10404
6344
77068
10394
62248
77029
57675
11656
79701
57631
5975
78662
59597
79136
59611
59703
79138
59728
59742
58729
58697
11082
11073
11071
11389
59549
5977
11067
79183
59798
5789
11043
78462
78453
5787
59913
58615
11012
10993
78370
78852
78965
59011
79017
59184
58991
78929
79030
59188
78891
5827
59298
78869
78864
58933
78357
78848
59318
79082
78803
11180
59394
59395
59420
59434
5813
78755
59519
78705
78694
77847
77955
60673
58358
60704
60721
60734
77921
60756
60779
79373
10787
60781
10785
60883
60668
77840
77832
77823
60909
60917
77814
60930
10726
60964
61010
5735
58233
58213
77754
5764
78356
60126
60165
60183
60188
79265
10955
60272
11470
60305
79275
10934
60338
60416
79807
79279
60486
60577
58411
78044
78040
60593
78018
78006
78002
77999
6092
79317
77974
75031
65746
65771
65801
75100
9408
75095
75093
65840
9395
56600
6877
56598
75062
11941
56588
75138
75028
80387
9365
74976
56585
74973
65998
66004
66016
66079
74930
66143
66166
6930
65298
56837
65033
65042
9607
56810
80251
56792
65085
75458
65154
5480
65183
6777
65255
74904
75341
6810
65457
9506
65479
75276
6821
65550
65569
65571
65630
65668
75146
56663
56208
66764
66792
66797
66830
56231
66857
66921
74513
80548
74496
7057
74468
7066
67104
74599
7071
9054
67140
9049
80570
67165
9042
56147
67182
7096
67206
12085
67271
80601
66486
6932
66232
66234
11984
56437
5434
74839
66366
66371
80440
74764
66468
74762
6978
9628
74730
66592
74674
56243
9192
74643
56241
7008
66679
66690
66693
7016
7021
80534
6556
6512
57339
6514
79958
63418
63442
76414
11762
63553
63612
76302
63613
63654
79981
63363
63727
9971
57254
63759
63791
57239
76202
63833
80000
63907
76090
57235
80023
5563
63110
79809
62837
62838
62856
57435
76632
76624
79860
10182
62969
76606
10164
57427
63056
76063
63131
76555
57407
76554
76549
5598
79916
57394
76538
57379
63310
63348
63355
76488
5510
64383
75811
64466
75796
75784
5527
9762
80157
75768
80171
75763
9739
64599
64642
75863
64648
11858
64765
56960
64770
64822
6729
64851
80216
9655
56932
64894
64957
64959
75942
9911
6603
76044
9897
64050
64077
64162
5554
64209
75973
57132
75951
80085
5545
80607
80087
75938
64259
64261
6639
64275
75912
64344
57107
75903
6651
64349
64361
11820
38592
38176
38201
91035
38280
38303
16908
38375
98650
38411
38484
16856
38542
90933
38154
38602
38607
38621
38635
98667
38640
38647
38651
38717
2629
38733
90839
91136
17067
17061
37714
91202
37773
2516
91188
37811
2522
37868
37869
37891
38739
23992
23954
37959
54334
91121
2544
38009
38076
91085
98639
38086
2556
98797
2727
23640
23616
39307
23591
39333
39343
90432
2756
341
39397
2763
39410
16663
23582
39467
16561
39655
39669
39709
336
90263
16539
16538
39749
39750
38940
90819
90811
16783
20719
23851
90748
90742
16759
98686
90724
90717
23826
37645
20738
16730
98714
39003
90639
39046
2703
39123
98747
39157
39173
90528
24444
36011
17492
17491
92122
92115
24465
36069
92076
36117
2259
36193
36254
2271
36007
36367
2284
17394
36471
24388
91922
17369
36535
36574
91878
91876
36622
35729
35574
35575
92449
35590
24476
98398
2166
17589
35723
17586
92367
92360
91855
35765
17570
98409
35827
17552
17550
35858
35874
35919
35929
92196
2215
37328
24232
98539
2414
37146
91520
91506
37180
91478
37214
37224
37257
37281
2445
37129
37344
37417
37435
91325
91316
37461
37485
17102
397
37540
37569
91268
36770
36669
36691
36697
36702
36709
36730
2336
36742
438
36748
36767
24377
90252
24320
17291
20605
91690
36813
91676
91669
98511
2378
2385
36949
37096
88474
42766
42779
42798
42799
42811
88578
23309
42880
20890
88534
15711
88517
43076
42758
15658
43099
43135
43152
15638
43210
43218
3311
88435
43302
3327
43344
42299
98967
42182
3180
88854
42191
98976
88840
88808
88768
42259
3204
15859
43393
88698
42562
23329
280
42610
15782
42635
15779
15770
88627
42752
98992
44155
23205
88062
3423
43903
43917
20929
43923
88008
23154
44074
87914
15369
44117
15422
44176
20961
44199
15341
44247
87875
44308
87861
44320
229
87823
87811
43609
43402
43403
43422
43457
43465
88328
3354
261
88293
99026
43541
99038
42119
43613
3381
43677
88213
43689
15468
88177
20904
43810
3402
43827
43850
40590
89882
16361
40386
40400
40413
40422
16347
40464
2932
40507
40546
40556
16324
23482
16318
89790
89786
89783
40609
98886
40640
40646
40661
89746
89743
89734
40098
23581
16525
39797
39798
39850
23563
39890
39912
90163
16480
2842
39994
23470
40101
23529
16415
40257
89959
40289
2897
89946
40295
89927
20809
40341
89061
41551
16060
89245
89216
41632
3095
89191
23356
41696
41741
41856
41861
15975
89282
41909
89016
15960
41921
41930
23351
88962
15949
88953
15938
42015
42040
98943
40697
2967
40744
20840
40830
40895
89576
16225
16212
40929
89540
89534
24484
89511
41168
89420
41171
41177
89385
98946
41234
16127
89333
89332
41369
1233
19240
95673
95660
1202
19224
19215
29533
95577
29558
29590
95557
95531
97661
97622
95450
25592
29847
1256
25578
20252
30002
19093
30046
95297
1295
30259
19321
28836
95914
97568
28888
1126
29018
29020
29034
95845
97606
29124
29128
95228
29146
19307
19295
19293
29245
29259
19282
19279
19278
1173
1179
29315
30988
598
94905
94900
18869
30886
597
30920
1422
30946
1427
30963
30978
30981
30821
31029
31095
31105
31106
18802
31116
94748
18785
18773
31220
94704
25415
30541
19014
30293
95177
30301
20267
30330
18996
95119
30423
30437
95051
95038
28830
30621
95009
30634
95001
94997
1374
18914
94958
25426
94955
30686
30782
26014
26138
26875
19904
26906
834
26951
96941
96890
96884
20110
27057
27076
27089
26867
96825
96820
27090
20138
27225
27259
27302
887
96684
27378
19786
27472
26574
20054
97308
97307
26467
97268
97250
97248
97224
26508
97207
97203
26546
27491
26597
97137
97105
19981
97087
97076
26177
26143
97009
97004
26839
97392
28526
96334
28131
667
96317
28178
28207
28277
96249
28346
28397
28401
1051
28522
19599
25829
96134
19479
28595
28685
96038
1082
1084
28708
20187
19433
95958
958
27495
27499
96582
96577
97429
96564
27671
946
949
20152
96508
27755
31236
96477
97466
27881
96474
972
27897
96398
27945
25918
989
28060
96359
93164
33856
33941
33943
33957
33964
24747
24656
33991
18043
93228
34032
93209
34127
33848
93156
18001
93149
34296
34299
1955
24622
34336
17947
93100
24581
34401
93390
93536
93522
18192
1833
18188
93486
33448
33473
93437
98176
93401
33560
93055
33565
33622
33635
33660
93358
93352
33751
33794
33801
18096
93323
33816
17747
98332
34923
2072
34941
92714
92699
92689
34969
35014
35036
2096
35040
35046
34895
92621
35071
35074
24552
35125
24492
456
35247
2122
35255
35402
35459
2015
98318
17917
34461
34464
34474
17904
34509
34519
92982
34539
92968
471
93543
92959
17882
92935
34593
24568
92830
34792
34825
34850
92782
17795
34878
32016
18613
31798
18606
94274
31881
31932
31936
1605
20384
31978
94180
32000
1616
94352
25009
32025
1629
94138
32069
18532
20415
94128
32160
32181
94111
94104
31565
20294
25341
97895
94633
97936
31304
31326
94588
1509
31463
31498
94492
18502
94447
31606
25223
94438
94435
94413
31626
18650
94397
94395
18640
25157
33060
32751
32808
32843
24894
18320
93740
24889
1763
18306
18304
93680
18290
93654
32698
93606
93595
33093
33101
18247
93571
33252
93551
33289
33295
33312
98143
32376
32217
1652
1657
24967
1667
94056
20424
94026
94024
18470
24918
1680
16369
93982
93978
32481
533
18447
93920
32524
18438
93904
32590
98086
32692
99693
48860
22234
48941
84878
14039
14035
48957
48967
84833
49001
14019
48851
111
49082
14002
13998
49121
22217
84704
84685
13978
44444
4205
85222
85207
85194
4186
85131
99604
4191
85099
85085
99624
85077
49217
85055
48620
48626
48697
21175
84974
48771
48775
48794
4236
49940
84459
49583
13870
22172
13868
49599
84365
13842
84338
22162
49907
49545
49950
99741
90
13769
84243
84200
50075
13722
84100
22123
84543
84628
4316
84627
49308
84600
49365
49368
49379
106
4342
48451
49459
4346
21202
84536
84508
49474
103
99723
100
84467
22544
3925
86053
14565
86007
46974
85997
14551
47024
85972
14543
47052
46879
22537
47225
47288
14491
47338
22528
14473
47400
85837
4009
46784
86275
86258
46592
46598
46616
46646
3879
86189
86188
86183
47465
46791
46798
46805
99467
86134
162
14616
99470
46855
46878
22313
47956
85437
4111
48012
48085
48137
48153
85392
85389
48154
48177
47830
48202
85328
85310
22311
85285
48345
4155
48385
48420
22307
85669
85780
47529
47536
47543
85717
85710
14418
47581
85700
47614
50165
47657
4053
22379
47664
99507
22354
4064
85616
47751
22344
82350
52852
21618
82486
82484
52930
82466
82425
12880
53039
53129
53165
52821
53176
53260
53296
53364
53411
53421
12790
82192
53462
53475
13073
51976
82906
21677
52234
21655
13085
82812
4822
13077
82797
12766
52295
52301
52375
52482
82695
13014
52528
52660
82613
4880
7
53973
81816
54027
54048
54081
81781
54098
21502
81747
54105
54182
12643
12584
54237
21437
54259
12568
54283
81646
54311
21383
21390
82010
53536
82097
53597
53604
53609
12735
53657
53695
21576
21515
51967
53783
81982
53788
53804
81942
53829
12680
12669
53913
81874
99806
50805
83624
50826
22074
50902
22056
83533
51100
51103
22031
51277
50780
83440
4641
51310
51340
51350
51365
21958
21947
51367
4655
13598
50294
4501
99767
22109
50405
50419
13626
83890
83887
83883
51370
13589
13582
83813
50642
4548
22106
50652
13553
50722
50774
83049
83174
83170
83165
51660
13245
51713
83106
51733
51766
51784
51797
99856
4761
13203
21684
13194
51828
51872
51888
4779
13173
51943
13328
83401
83397
83395
13356
51399
83357
83336
51418
51420
83308
84658
51440
51450
51487
51495
99851
83234
4708
51581
4713
51592
45730
21029
45972
86775
45950
86784
86792
45946
14880
86840
45873
14894
86908
45762
14851
14936
3687
3682
45623
87084
3667
3666
45551
45519
45483
3657
87122
15008
46162
46244
46238
86512
46235
99417
46216
86538
14795
22695
22764
46188
14802
46164
45421
86591
86611
86613
46144
14816
46139
22784
46079
46077
46062
46061
46057
14848
221
44884
15170
22920
87542
44850
44827
87592
87632
44761
44737
44732
44713
87660
99241
44665
44659
15229
20987
20978
99172
87736
3508
23003
44573
44570
87764
3495
45136
87141
45406
45378
45328
22823
45265
15066
87295
3611
45186
99292
45138
87389
86282
22851
15118
87481
45064
45057
87485
22902
15134
45033
15141
45023
44980
44948
86304
3842
46533
3838
86295
86485
86367
46459
46404
14730
3840
14718
46464
46312
46452
46479
22647
17140
43240
17033
36282
55923
91017
28829
24827
87476
31659
90813
76737
49339
55725
66176
2115
10965
96519
28867
21226
42022
33494
8105
93417
10761
13790
96898
5936
60967
45941
95263
80140
20870
36710
22194
76733
4887
89948
27200
35869
45921
9832
36456
22978
58878
9529
9988
25210
9351
20083
26463
42638
97806
37980
26768
11160
85648
83285
86488
99316
3412
18069
78472
93961
44404
9613
86032
67898
73632
39546
90550
14817
28022
11786
48665
52192
70287
88688
71452
68230
17522
14484
75192
2546
27045
88703
6153
81700
92992
54822
24647
52579
90965
62187
95714
97803
49277
32019
9550
91823
73517
20188
97042
11629
14200
14205
6487
7497
70462
68142
56913
70323
94873
14605
49686
99868
13268
30309
99120
57020
14703
44380
66446
76350
22085
28661
92305
90397
8787
62037
32209
64631
7428
45079
40361
4114
45237
20994
91481
49733
36619
76805
51692
28472
24092
6240
44038
83852
43368
8940
76034
70524
49444
92952
45300
69540
84736
29907
98820
71843
16421
32111
45859
29937
64755
55266
59297
32721
15314
73304
28389
12403
36781
27711
97519
2969
380
28122
12495
54787
20173
49477
19876
29615
67633
7358
82941
12851
46830
61336
21289
83487
56513
59345
99900
43237
60733
95685
51706
47423
32765
8415
53517
29739
55800
93759
98633
71636
21024
6781
2427
42474
41055
35832
98547
60286
12886
50753
79244
66209
34315
79697
8878
99970
18886
17860
92680
43361
49844
72402
3417
92889
96145
1060
59464
36433
97571
97187
17784
75712
85706
79856
11924
53458
8946
18088
47853
84659
20357
74841
52380
43787
84006
71353
72582
47618
13283
470
64483
53640
90319
68076
78540
41707
28768
83631
92158
23287
24559
32810
69728
16364
79335
27824
59917
17772
84394
97707
35321
46553
28305
93723
56712
13278
45569
78072
88432
94259
82667
38991
1321
91248
31279
20835
28436
98806
78346
45402
7566
73237
28822
22443
6608
22336
25701
99493
71370
91731
88152
40715
75088
60849
40602
17760
93276
50222
83663
33765
37794
93143
85483
81035
80048
30121
45734
79220
68218
63420
56131
60711
83152
47686
58983
79383
90239
60790
12485
74032
10779
94190
14969
76371
69535
34357
62324
60273
45729
71536
78206
19379
38356
43305
8793
85856
16542
80624
21347
23858
25898
92453
59380
49596
10053
51552
68217
75719
83384
37428
68827
97058
25241
25072
72997
32906
2167
10893
53152
67923
56624
49947
17758
91231
48529
56040
61680
10367
97092
37249
95273
55556
49896
65578
30980
65633
84297
31134
15804
84127
89868
55085
55086
3547
92569
81611
28259
50701
78837
72607
36934
38850
58107
29738
95674
49913
70902
54752
48101
32864
42151
58133
70469
61157
73942
4152
70349
8901
87747
37064
68965
84415
46059
78807
60812
83389
2455
7968
29341
35113
72945
95310
16983
925
45205
84186
31717
40220
35291
55639
69154
96178
66405
58638
73182
5316
32460
26847
39232
79451
85733
98155
37678
13269
52416
50508
21812
74003
31190
50122
74629
19880
61059
54944
2680
66180
47808
31726
81963
53982
4756
68597
96379
47447
92551
23362
71809
3754
18024
59321
84755
45722
62705
99728
23538
32212
60894
29668
66599
32649
27918
74010
48543
16658
25883
73531
17405
191
43816
81192
75670
93058
2687
83434
52241
15857
67119
73204
38196
47125
60296
39542
59784
98574
58754
70539
80028
51830
21785
62099
45819
9008
63912
7274
48197
77963
89417
31915
79970
10866
88228
13019
68133
25593
16791
60705
86071
37451
68615
92700
32666
31713
97609
67980
55889
39382
13715
62718
91749
8040
93886
52011
67125
58117
41363
59308
94818
45129
20276
68927
73684
37374
86823
66864
85709
31314
74347
6557
49470
68921
19170
48122
65272
43878
48217
97435
68534
53427
82779
43312
17528
89149
28996
1128
21340
21215
5504
67216
10861
2186
23206
94281
91559
18515
49530
39696
60065
62315
22346
5319
81957
46718
28813
88214
24482
81100
5750
50329
4689
5487
90630
49960
17585
17248
61161
48364
27922
43127
57048
63435
18780
88299
29023
55018
4956
57024
78604
87096
98309
40644
56685
55853
91726
58013
47760
4044
99384
63509
32028
57433
26300
65985
56380
87315
41067
66902
20255
11634
82590
81711
67190
30776
17979
81951
7811
90581
21075
17786
49515
45385
43947
17287
80628
96274
64806
83652
18259
93066
73401
504
32521
67407
692
78657
28790
49073
1564
64106
59057
25511
93697
35966
57353
2962
51118
67794
42229
28464
68627
45865
96944
8797
48381
20663
31537
65205
87365
62951
10201
26612
17616
65447
82436
35701
856
34002
96370
20232
4348
21281
77546
90347
81370
86725
71611
20930
77628
60270
46093
12281
77272
73013
27183
41923
51141
5557
77719
71926
84655
83235
9107
265
96382
80451
29543
25675
78856
89202
12274
87215
69387
89955
36847
59027
45770
98926
2944
18376
51869
81823
11143
72355
4557
48628
10050
33820
22814
75415
92937
6222
91183
43433
33356
5003
20379
63167
45395
81497
83804
85829
9082
49578
45286
92423
96034
24024
32841
43669
49905
14856
64823
48170
7841
13987
15414
62369
93413
48904
84314
11425
83761
27493
87248
5092
91660
40851
78506
56882
35991
39761
23537
70463
93649
76619
15915
93727
5565
95766
16389
13226
54378
99839
87426
50700
41103
87548
64524
73284
61791
10230
4333
12325
68088
27197
57188
8923
94271
61159
98624
70003
89768
11264
45266
66780
62079
2589
72823
6997
99784
23938
35563
49415
27773
33530
7706
61650
75832
9455
82339
6316
93686
10188
64513
51199
94890
82138
30082
23590
93084
2250
28458
59350
48619
24850
61702
88712
25441
70153
628
24641
45684
40312
45119
18925
2787
4367
65995
84306
86987
19017
31774
1315
32659
42181
22602
73938
75543
91656
10617
72506
96391
31616
25848
76470
94103
89914
3307
90039
38613
5188
37268
3592
88862
94547
51859
86832
84554
49047
32197
62635
9791
22094
87080
22400
85917
92788
66844
55780
67258
2296
22657
95294
839
23026
74777
55130
57121
30900
74423
73971
47732
22673
78878
74740
69351
36912
27520
60489
7952
11613
96636
53466
44108
7716
82290
76975
96165
92188
80858
52939
17545
27893
89206
85527
46249
4045
297
37992
55931
87851
55443
12964
15397
41455
11064
34695
60258
58846
70540
60515
20661
91036
69590
63660
34823
82607
59201
66471
44688
11491
69196
41225
89320
63860
95360
10108
91122
6492
95698
20529
13770
86690
15454
29042
29258
43070
41687
96731
76986
39385
51387
39136
74949
70474
8535
15199
54547
44625
69424
74617
13639
44110
77796
60143
16497
32601
37552
14201
38938
56255
50844
95664
85370
66514
40149
26495
16848
35796
97068
36067
57981
79202
50160
77004
57440
12038
5716
33171
33187
32495
4067
98368
90130
52226
68132
16731
10276
73777
99940
44609
18855
94655
66940
61902
45227
18003
92930
40905
10321
89689
15410
86559
46000
51785
69049
30106
4652
50199
28493
7764
84894
54361
11313
21731
49307
11836
43572
83574
37984
5402
8379
85294
46808
74248
85650
87723
49882
24179
28761
80164
70206
58648
72150
30119
29960
79531
39712
46032
19268
19049
74761
73877
88078
16997
68041
7970
96971
72522
96575
64791
39255
98353
94072
55892
2247
16440
80102
64670
33547
81677
68693
73492
73522
56043
80581
62753
68080
16891
34332
33335
20340
78570
47056
63753
20286
93248
87894
18938
56458
158
83770
66223
19718
2843
77145
48757
61466
74600
64614
77002
75957
59697
57008
77763
73855
90712
7256
40980
54511
26483
46234
49035
44856
56984
88633
56175
65744
26264
89916
29503
39940
8354
77095
26292
17382
15133
12779
98351
35419
35473
87415
4295
63789
54208
73298
47940
77427
31582
31515
49462
18852
22111
83797
95816
1010
21725
42835
63303
62536
26452
88656
90963
83971
53561
8933
93079
51806
16780
23171
37627
83033
57478
20318
90456
14701
71807
27847
24612
87849
29422
4022
4054
13309
38839
53752
870
42605
72660
31334
66520
13813
71251
31715
75557
24338
53754
53704
75722
1008
67593
82078
11778
74992
9999
69288
20462
2475
56039
1378
24769
11134
95021
78087
18016
45311
58169
13494
31246
93063
26717
14389
80808
73511
40309
83346
77350
69519
91082
85544
87373
22378
91638
65508
12572
76676
75599
92658
30850
97616
70304
72064
42886
41749
61215
95521
86960
43507
74376
36743
41951
1989
63959
8207
13892
96386
71210
36768
28171
91703
10505
55883
23131
35205
17887
56749
31174
14644
94698
46950
85900
18755
14428
98605
9251
40694
27725
24905
93442
85870
62767
84482
11192
36785
87667
20600
82490
70909
54318
23339
60778
17158
70212
35118
58816
99995
26011
66240
78323
94401
75159
6044
950
91972
77726
67529
42905
31287
64502
51638
70175
64387
13746
13606
84950
69565
19808
18334
29506
23216
62122
57965
57391
40139
28569
68540
29810
41267
92056
431
63869
37207
11999
25256
11509
79846
94336
77453
74849
23501
11847
82218
66049
2190
83737
42710
34702
4894
54577
71784
32382
57838
98554
93845
91489
4256
57125
19984
93913
6938
48279
93468
51406
32589
98682
87593
81357
61092
56666
44312
10033
50042
34391
72936
84429
26969
5879
61128
84614
40068
60408
45533
55363
98612
6
26438
79766
33651
41350
2149
17631
73666
75343
68351
93059
93565
91281
68113
2659
97778
56550
79415
2676
57413
82067
70498
39721
44290
53596
38996
55584
19316
4238
174
2970
97054
27701
65690
5494
15980
39904
31405
8136
80328
36454
89326
52938
45134
15338
83472
93926
65259
34891
49707
70385
64249
21735
19130
1899
50029
91252
79021
76589
8324
88510
97356
13795
80776
14085
39548
14625
58910
37226
57000
92267
42577
1499
49585
64584
84157
95029
54924
32194
27294
31890
65833
37078
42812
47229
41971
34877
7730
14587
21460
2495
79946
42303
12023
25677
19489
57422
41105
98693
2623
60151
80414
95087
61866
31663
59186
87663
92757
80968
89490
50241
60067
77544
54829
28487
42966
78838
72348
66229
72975
90408
32622
23453
66336
46050
86026
52200
4177
91795
51791
20491
20693
46393
13983
362
58523
94891
57655
58762
24870
55849
665
28322
66365
41195
89403
67955
61135
31465
22993
93599
23369
10218
97973
50919
26633
50987
1088
74574
14187
25402
10539
4324
53122
34710
47708
18453
56196
1102
26897
88763
55269
27331
54450
32965
12424
89232
84038
90709
72932
18864
3728
30824
39824
94953
63284
2886
69099
30655
49874
6461
21374
16954
60801
41752
6521
54614
56209
12169
68374
11008
33776
6368
99953
9548
86122
14612
15006
45307
35084
35075
385
81534
33589
77324
5926
86885
76143
37506
58069
80978
71780
84891
10752
43168
34280
44801
39251
42876
21777
58753
41008
94911
87774
83977
1235
31426
35993
44765
15361
3394
7996
87900
38065
41170
55816
56277
21688
32403
18696
88452
48442
20611
93751
62217
98626
92668
3124
23978
58720
13588
70779
62719
79018
62684
81445
70408
12727
79224
52038
51380
35674
93734
95417
61099
7995
29585
68033
70354
50953
30494
28403
10066
14656
48737
2052
66386
88973
26439
38927
95961
77410
51656
58984
37092
92673
59278
59987
7351
3157
75297
26660
96092
21749
72397
68895
3308
33425
97319
32872
39256
5065
60561
36597
67683
54065
62968
19434
23712
6681
91133
73425
43781
44239
19129
72360
4893
15500
30347
40879
12101
73448
26856
78520
91828
42377
22027
98867
34168
24051
47267
40574
81634
97193
31995
37254
32418
57788
68554
36649
71207
39398
24018
39428
85265
21564
98194
49819
47320
50141
46774
42599
85461
90906
22193
20779
21924
65906
80022
3555
84440
95950
94061
52442
72208
45885
99053
64911
79108
14545
54382
37894
32926
62064
37679
94099
16824
28038
14021
28255
32642
55774
31300
30977
44173
23290
37775
489
16884
97399
69913
38585
86500
28390
57564
17361
29554
71518
23305
78799
50561
45416
32213
27120
33333
73827
61843
23181
44953
88054
33526
87756
64427
51606
6454
1941
10838
66389
55340
80080
3149
27487
41864
43183
17872
70139
96196
41839
58426
44231
43726
2726
85476
28314
62449
83573
30919
30775
27917
4978
16296
16460
38902
90755
37331
96817
26955
36256
47720
37125
46100
96672
69343
27464
19299
90749
58038
81989
64304
84714
3638
82963
88693
31634
94705
81371
91554
98267
99762
67872
66069
6626
6933
60620
82074
34693
94483
70855
9927
32554
41161
18904
8268
24149
39092
94934
50775
43633
70079
94807
7916
65813
87130
48415
26141
87749
39821
11541
19020
20883
61087
35401
92823
14260
57246
58132
80595
72421
48951
80243
77825
85815
46469
89618
89865
60365
9771
43679
39075
68551
69994
7009
16502
74552
54975
92125
5019
80206
30614
3916
19537
29003
27346
59567
80805
23358
90953
18056
2151
3740
59886
28972
3069
5325
40184
61443
76704
76279
5438
10859
7371
40391
91570
44898
651
80147
60764
98649
60817
87533
8472
65006
30053
28942
37782
28465
16304
28691
62257
31937
60907
56373
53738
11133
62864
66537
3288
76700
36115
79571
90202
79740
72152
11373
1234
13485
52714
21528
1347
91941
23923
27744
83583
31928
38869
49074
13230
53020
15154
74608
31446
46601
59810
1853
14833
46134
27729
52321
50882
7397
38124
37286
73305
68015
93274
13884
49204
73860
24664
90443
34479
47062
39415
75821
8532
50265
7323
4724
97769
49881
58649
26654
10007
7999
21324
74422
74484
35848
43203
80539
37961
70794
24249
86421
55325
74325
77927
23373
49370
57293
53261
90984
51465
51222
5834
35142
8037
17601
67019
88661
96323
40395
7185
60493
38821
27471
66878
68992
86121
55914
20437
36653
87167
22446
78898
38526
23980
37886
91647
41673
90073
38184
51643
3479
53841
1764
60836
34646
66563
74008
17450
15934
52686
72245
2824
66432
11434
85035
16314
47337
58130
35767
39523
59672
50962
92250
42169
3965
97176
20905
55612
53515
46705
98993
9923
97719
904
80475
350
49254
62930
26281
55832
77263
56972
12234
81809
46287
39369
11574
13010
24721
80247
67594
79121
62088
9483
29203
51049
94863
84943
78399
67506
98052
37914
57977
23236
18616
39288
65390
95769
23899
52155
53792
16934
74515
66729
5667
93171
42892
53745
75141
17011
11054
41629
56456
23660
93860
55361
72422
89616
90693
69531
89580
13504
78858
34062
23460
33837
31306
14042
5868
55706
30825
44842
99845
86938
59649
7313
458
37366
91433
70423
88442
40908
50077
22583
61539
57554
60933
45188
86936
71376
27124
89798
75975
44882
94572
70391
37633
29421
52681
84442
27002
1052
38880
53867
27211
66661
75595
73265
90389
38748
38352
2001
81478
30927
1117
76667
22432
21401
5649
90502
19453
41123
28988
55885
68991
67869
50860
39701
34415
69080
55424
89996
90498
40930
98907
6286
19349
65318
62987
40740
80094
28819
74551
82459
46842
4434
56474
31266
97534
33871
75448
20464
92801
9497
46257
43674
64210
45160
41806
86753
90588
35277
46666
80400
42133
33043
57560
63823
42034
76459
93406
92389
33638
65366
75597
33169
30152
97278
6707
54327
51586
56543
57862
29141
2729
32862
5221
91140
49433
13056
27095
30583
10453
6156
47902
1623
92851
83328
12813
59880
46402
31400
56494
78793
7635
30278
92380
39378
12635
21860
87704
83373
56452
99949
88485
82016
79648
53889
20807
73805
54350
89203
9077
94306
67000
66666
10741
90924
53941
52650
13447
53541
24414
53237
93814
88594
66901
64571
99230
78784
48367
55065
11231
67305
36682
12303
52746
95077
31336
22045
86896
35165
7851
2099
11823
64938
73210
22108
25527
37597
92581
35924
49771
44461
63905
78271
69499
83302
8032
31724
8321
15342
19230
95956
40324
37016
71389
94681
640
9642
80096
57165
68303
54323
11553
76241
86194
88153
35565
94241
21963
2807
58931
4010
9264
38295
24355
97385
69217
92318
58658
38746
59918
67746
34150
88822
26806
80574
52998
82018
3216
73078
94726
82789
10862
88245
47102
58015
27412
77097
5231
40231
70459
64558
20542
10055
87791
73991
72712
50956
16605
21232
74664
35526
69678
24452
9594
63917
52026
49797
24405
16165
37792
8568
253
13487
5839
32599
81311
28217
72695
35753
80401
28003
90942
8072
38021
62618
30130
84817
69743
81053
7370
85680
37349
68003
17500
79215
66665
86046
30828
92273
9078
37075
65207
46630
29433
15059
63374
92126
40891
36253
6486
82792
82508
29919
85993
60424
49161
22033
42769
67596
98424
10361
701
25429
10140
3336
8607
84208
67448
25042
43829
11717
53145
76576
12123
10734
35620
61887
34560
43584
58527
89897
49640
31547
88910
14846
99180
13829
58481
85045
82841
62815
22267
56381
47260
26827
70074
69737
13015
80863
99291
34910
40911
6598
37549
19655
57451
44182
77395
10753
66694
40625
22521
64520
4710
57698
49910
28684
69334
3782
59962
29574
55933
37220
91096
83410
39285
26621
44747
67430
41586
73006
83847
32933
91223
97831
85707
65882
94871
93220
97154
95270
54036
1442
90913
17939
66654
84876
76838
67807
99898
77466
72168
35508
75681
33262
51491
60322
30467
2981
14558
97889
52049
92683
59924
78417
62731
92050
14288
38744
48586
76052
5511
58556
48416
40346
2222
79885
44253
36815
66109
15404
4583
88250
46981
13506
78275
62072
29914
24770
58446
26681
63116
3285
50584
68885
89819
93917
42470
66974
60819
72148
7949
48059
27030
75361
39931
73734
31075
64198
93122
22382
31600
23691
91822
61367
91498
61118
83201
95801
67953
18033
35458
36103
43658
75894
10259
44408
16046
53180
67084
66536
45851
39367
64707
69464
34991
79004
30200
38331
38476
12187
68422
84539
82890
25616
64612
10698
14236
42821
70099
79133
66684
6260
44826
37294
51737
90128
42569
19227
94029
55821
97053
73477
4539
52849
42971
81725
19030
23033
8175
27086
93601
3287
94185
90240
53384
5298
48011
77215
83046
22686
68248
39024
32374
86145
82052
44611
25180
96183
11749
96621
12650
78951
16062
2952
67469
40270
37403
57026
54988
93835
3208
20057
46018
29519
1953
29917
60488
95174
81836
21305
84052
66220
58328
22087
56021
34326
58714
58716
18793
96395
35010
89485
30110
54706
31476
4303
77045
74699
78270
82523
98336
40500
71315
56070
32999
97535
14264
66515
79080
11614
23006
33861
77894
56835
99418
29498
71017
22818
16445
25063
62267
60661
34260
93116
43542
36364
637
5075
52645
97721
32723
27635
81465
35011
19686
19834
30378
42249
17538
62370
47914
11893
44104
99969
13592
99605
28698
91373
9086
32520
68071
23526
61147
27999
65276
96899
72854
77603
3430
29936
76422
97856
58092
99062
90496
38554
7067
68402
58917
58329
33674
4824
48067
13099
39897
65513
56337
61608
32584
74358
79456
83015
52177
73268
6171
41005
29286
59870
40674
766
5136
90767
92295
70178
63276
5062
60536
10158
94728
73826
82163
5272
30951
80155
56310
27669
60953
21840
71629
77771
33899
38087
56270
5997
32322
45818
87633
44350
8169
96997
94642
2193
37280
29494
93575
98721
6927
86361
82019
24289
68362
36376
1127
46207
44778
89577
91111
70419
15607
80649
59526
65529
77937
94129
38971
39346
93802
48436
44541
54956
22639
6713
93247
62674
47093
58244
4587
81177
44897
99380
41298
96345
6909
88860
16866
83043
3075
73655
10890
67667
79200
86001
55629
94415
29133
47812
2224
92867
51424
27565
83324
89553
37967
3721
68535
588
30244
72981
7140
63922
99365
84294
95594
25756
58064
54785
79693
45711
84932
86185
5623
87235
22646
53112
84819
49130
82151
11864
3471
25355
58620
38984
1091
37636
72141
78162
2595
13421
28951
1537
75155
81873
12987
80350
97961
12675
46973
24451
72970
95872
63022
69483
71057
83128
70925
61626
50310
92460
63530
19065
84884
98193
40918
32249
40565
59433
61629
15185
89952
28582
15685
34908
38970
22504
67944
157
84323
49879
11788
35415
42535
34388
46048
43229
32593
28605
45094
8106
85325
45745
48308
76173
23599
86123
8306
26110
8764
77497
74029
91809
25114
73249
63943
18048
20880
30055
22490
98136
46441
344
50789
35603
40431
89880
13310
23345
91680
39605
80921
12060
31413
59191
95083
66370
12320
86206
35438
6611
90897
79537
85226
28443
62766
94325
74937
96869
20703
42485
74400
31152
93292
58827
94166
74342
58734
14469
16951
53069
36884
81164
37015
25167
34480
72030
86817
20754
90726
52352
18535
96995
56520
64408
46389
68449
93896
63072
54432
69384
95809
41925
5197
10403
9090
78513
29803
66473
24415
79316
3943
62429
47238
82089
33745
21865
77861
77593
92513
62381
83127
51559
65025
72294
57672
28525
18972
22168
52381
70548
73850
16423
73261
32970
88730
22295
69362
91418
26417
75076
84553
42274
6948
69403
64847
37908
24762
66533
51659
88401
36018
23803
36021
81718
84452
77098
44317
46376
78590
21942
30146
33653
38546
60031
83919
27604
95345
80476
72212
15794
15610
81290
86922
75906
28355
73472
84211
24499
20851
57276
59942
6459
38419
48362
65701
14148
83974
87408
57617
8402
41050
9890
63715
65836
35123
95098
5721
43191
71936
82234
67901
28228
72542
89782
30073
70286
28202
83865
98958
98966
23977
24626
47374
59494
37279
87285
86601
39747
92206
16775
51734
87717
99491
85399
77170
12783
67363
97577
68977
79142
49625
40329
19475
87118
77515
57898
58623
94859
57911
69673
51144
55428
83802
80029
23072
33787
69681
5873
46692
96234
64401
76164
51824
38487
64385
48622
55895
45072
8296
13461
21191
35049
98741
13524
42340
1119
28162
52625
14511
85891
32652
47304
71982
58842
17525
85876
34213
7621
66803
98520
22988
96216
82989
86909
26472
54759
47619
61464
75777
53894
39988
31718
92751
80339
72564
64809
92089
671
42178
83482
24567
97325
57498
1358
80304
50873
80575
44283
90268
44832
53024
92294
2079
73560
63744
71705
3565
49290
23882
27796
86461
19487
97287
46734
91802
36883
13143
65924
63250
86923
34816
69983
74790
18619
14773
47006
56964
30398
65425
2341
69797
68745
33959
35727
33658
99627
79788
19455
9745
42581
19602
40365
26988
20983
40889
26205
69708
80964
50183
176
5743
83282
53440
21509
96653
15040
48492
43520
74336
20637
75217
94741
94813
2330
73200
10811
85358
22326
69349
3259
16032
89169
39602
15246
9224
12230
57538
92169
18777
5076
93203
49394
37835
58193
58443
51927
70120
1562
55461
72825
46962
46970
33340
77539
96082
89866
35453
41260
16085
30460
45372
83594
82603
78742
27163
31119
57519
66057
17742
88201
80617
38459
62296
5676
70395
38868
94786
80305
38974
86394
83149
55934
10378
52209
65403
46680
68590
23091
73770
50823
45303
2255
96669
18444
8189
34738
55644
54560
19083
72235
83082
51820
