7 4880 4 20
7 4840 4 20
7 5120 4 20
7 4840 4 20
7 4960 4 20
7 5360 4 20
7 5080 4 20
7 5120 4 20
7 4960 4 20
7 5280 4 20
7 5280 4 20
7 4920 4 20
7 4920 4 20
7 4960 4 20
7 5000 4 20
7 4960 4 20
7 5240 4 20
7 4960 4 20
7 4840 4 20
7 4960 4 20
7 4880 4 20
7 5040 4 20
7 4920 4 20
7 5160 4 20
7 5040 4 20
7 5360 4 20
7 5000 4 20
7 4960 4 20
7 4920 4 20
7 4840 4 20
7 4840 4 20
7 5000 4 20
7 4840 4 20
7 4960 4 20
7 4920 4 20
7 4920 4 20
7 4840 4 20
7 5200 4 20
7 4920 4 20
7 4920 4 20
7 4840 4 20
7 5280 4 20
7 4920 4 20
7 5080 4 20
7 5360 4 20
7 4960 4 20
7 4840 4 20
7 5080 4 20
7 5440 4 20
7 5000 4 20
7 4920 4 20
7 5040 4 20
#################
260720
