39 1036 5 39
37 1014 5 43
50 1160 5 35
41 1154 5 42
48 1149 5 50
47 1144 5 10
48 1052 5 46
43 1077 5 17
41 1110 5 42
43 1108 5 44
48 1126 5 27
37 1042 5 32
44 1381 5 37
39 1122 5 46
37 1221 5 39
48 1130 5 45
41 1144 5 43
34 1053 5 44
35 1138 5 48
41 1191 5 24
33 1191 5 36
33 1112 5 39
37 1278 5 36
39 1129 5 34
38 1020 5 19
41 1192 5 29
43 1207 5 47
41 1103 5 10
34 1002 5 33
33 1006 5 41
45 1210 5 17
35 1013 5 29
48 1260 5 23
46 1018 5 10
50 1105 5 47
40 1103 5 23
41 1250 5 43
44 1109 5 43
46 1034 5 47
40 1054 5 27
43 1055 5 43
47 1001 5 40
34 1253 5 23
35 1060 5 28
47 1186 5 20
33 1069 5 43
43 1271 5 49
43 1020 5 47
40 1010 5 39
38 1075 5 31
37 1376 5 18
45 1110 5 50
49 1234 5 40
48 1042 5 19
33 1155 5 43
37 1123 5 10
40 1323 5 47
47 1039 5 42
41 1142 5 28
48 1196 5 40
46 1223 5 45
35 1330 5 36
33 1328 5 50
39 1084 5 43
37 1093 5 26
49 1138 5 25
44 1147 5 48
39 1104 5 26
50 1056 5 10
46 1025 5 26
38 1207 5 50
50 1013 5 46
49 1182 5 10
48 1116 5 47
45 1109 5 38
47 1196 5 40
50 1193 5 26
36 1047 5 42
50 1227 5 49
50 1163 5 25
38 1063 5 20
38 1008 5 22
42 1451 5 17
42 1206 5 48
43 1201 5 18
36 1261 5 23
50 1066 5 45
50 1270 5 31
47 1114 5 39
34 1244 5 49
43 1108 5 39
50 1039 5 38
41 1354 5 42
37 1216 5 47
34 1132 5 50
44 1137 5 37
35 1154 5 40
34 1065 5 31
50 1104 5 40
44 1138 5 45
37 1225 5 43
38 1116 5 50
42 1159 5 29
50 1111 5 50
47 1023 5 38
48 1088 5 39
38 1069 5 37
35 1016 5 19
50 1030 5 48
48 1098 5 41
40 1100 5 19
35 1013 5 41
34 1344 5 38
46 1095 5 42
47 1187 5 38
39 1123 5 34
36 1300 5 48
50 1098 5 45
48 1184 5 25
34 1094 5 17
45 1258 5 23
43 1180 5 48
44 1160 5 48
34 1272 5 41
45 1067 5 11
41 1004 5 14
49 1283 5 33
48 1198 5 40
34 1220 5 35
47 1048 5 16
36 1344 5 44
47 1171 5 49
48 1027 5 45
34 1082 5 21
50 1179 5 10
33 1139 5 38
47 1012 5 44
49 1111 5 38
37 1173 5 47
36 1097 5 42
46 1022 5 20
41 1325 5 24
40 1357 5 47
44 1043 5 15
37 1057 5 45
36 1074 5 34
50 1257 5 48
47 1093 5 32
45 1240 5 37
42 1060 5 38
42 1068 5 41
39 1148 5 41
42 1224 5 10
43 1016 5 48
33 1058 5 42
33 1134 5 31
36 1118 5 24
38 1090 5 50
38 1200 5 31
33 1268 5 39
50 1104 5 26
37 1227 5 44
49 1221 5 46
42 1367 5 34
48 1229 5 20
38 1331 5 34
46 1163 5 46
33 1435 5 50
40 1375 5 49
45 1172 5 49
42 1308 5 46
48 1326 5 32
48 1167 5 47
50 1007 5 21
36 1029 5 21
34 1019 5 49
49 1159 5 23
40 1165 5 36
41 1283 5 40
41 1036 5 48
44 1052 5 40
36 1307 5 46
47 1125 5 30
45 1156 5 38
50 1137 5 39
40 1018 5 50
36 1016 5 47
46 1346 5 36
48 1161 5 21
45 1176 5 31
49 1030 5 48
34 1096 5 25
48 1160 5 28
40 1178 5 31
34 1009 5 49
42 1057 5 46
41 1330 5 10
43 1245 5 33
40 1042 5 28
40 1171 5 16
50 1218 5 43
42 1046 5 30
44 1342 5 36
40 1385 5 45
42 1165 5 14
42 1069 5 35
37 1204 5 48
40 1122 5 17
47 1017 5 29
33 1015 5 37
39 1231 5 18
50 1415 5 45
46 1191 5 10
34 1016 5 40
36 1270 5 45
36 1098 5 33
50 1123 5 34
37 1092 5 34
37 1163 5 45
38 1296 5 18
50 1319 5 31
37 1088 5 48
49 1036 5 45
37 1046 5 42
37 1437 5 42
48 1107 5 47
50 1039 5 41
45 1264 5 10
34 1133 5 27
49 1055 5 16
35 1252 5 29
41 1070 5 34
41 1074 5 43
33 1082 5 42
42 1013 5 42
39 1256 5 41
36 1140 5 10
41 1337 5 43
47 1016 5 48
39 1254 5 27
46 1006 5 39
35 1078 5 19
50 1313 5 47
50 1031 5 27
36 1052 5 45
38 1201 5 48
50 1167 5 16
39 1012 5 22
47 1111 5 34
46 1236 5 45
42 1315 5 47
48 1048 5 34
44 1359 5 32
35 1058 5 10
39 1093 5 42
38 1204 5 50
46 1197 5 23
35 1020 5 24
49 1271 5 39
38 1135 5 10
34 1093 5 10
45 1036 5 23
42 1147 5 28
40 1189 5 29
39 1229 5 35
49 1257 5 34
50 1040 5 37
50 1179 5 15
48 1174 5 35
45 1325 5 48
48 1143 5 17
38 1014 5 20
37 1325 5 48
47 1014 5 38
36 1218 5 27
35 1164 5 44
43 1108 5 47
49 1198 5 49
45 1001 5 47
42 1164 5 46
40 1115 5 32
36 1277 5 45
37 1277 5 37
49 1206 5 35
39 1100 5 38
43 1030 5 40
39 1130 5 30
46 1300 5 34
39 1173 5 25
39 1012 5 41
45 1086 5 32
37 1039 5 38
42 1282 5 24
41 1190 5 28
46 1091 5 38
43 1160 5 23
44 1247 5 32
45 1150 5 24
42 1413 5 30
46 1198 5 12
34 1164 5 44
46 1008 5 26
39 1170 5 45
41 1082 5 42
34 1093 5 37
42 1057 5 32
43 1249 5 28
35 1235 5 40
44 1020 5 22
50 1146 5 33
44 1232 5 22
35 1239 5 23
50 1062 5 44
37 1053 5 40
34 1230 5 25
37 1140 5 48
34 1105 5 49
42 1019 5 35
45 1153 5 43
39 1229 5 43
37 1124 5 45
41 1132 5 12
39 1029 5 10
46 1068 5 40
46 1249 5 10
40 1181 5 37
34 1181 5 48
50 1206 5 11
36 1095 5 23
34 1005 5 44
44 1312 5 49
35 1165 5 30
47 1306 5 49
48 1196 5 42
38 1001 5 44
43 1399 5 40
42 1004 5 32
41 1013 5 47
48 1205 5 43
35 1114 5 29
47 1252 5 10
34 1055 5 26
40 1068 5 41
50 1059 5 40
50 1105 5 31
44 1150 5 40
36 1099 5 41
50 1001 5 48
47 1006 5 10
37 1136 5 39
33 1076 5 40
38 1107 5 18
41 1079 5 33
45 1122 5 31
48 1246 5 18
50 1110 5 36
41 1328 5 10
46 1049 5 25
43 1124 5 17
35 1114 5 11
34 1272 5 32
46 1030 5 32
39 1197 5 34
34 1306 5 35
42 1357 5 25
40 1248 5 48
34 1227 5 39
42 1105 5 10
47 1022 5 10
45 1066 5 10
49 1053 5 28
33 1164 5 50
49 1239 5 38
48 1040 5 46
33 1382 5 39
48 1188 5 29
38 1139 5 23
49 1056 5 45
35 1039 5 25
42 1060 5 28
40 1195 5 10
49 1265 5 34
40 1152 5 29
35 1239 5 36
42 1064 5 50
41 1271 5 21
38 1100 5 43
34 1021 5 22
40 1285 5 34
39 1050 5 28
38 1253 5 24
38 1035 5 47
48 1291 5 42
38 1065 5 46
35 1019 5 27
40 1239 5 48
44 1052 5 28
48 1188 5 28
42 1070 5 33
49 1005 5 36
33 1283 5 43
47 1082 5 44
50 1084 5 49
50 1129 5 48
38 1138 5 47
44 1152 5 32
45 1221 5 10
37 1293 5 47
38 1023 5 46
35 1057 5 29
35 1308 5 12
50 1165 5 34
48 1044 5 30
43 1140 5 34
42 1512 5 39
48 1144 5 10
49 1201 5 24
33 1049 5 30
39 1200 5 32
44 1162 5 40
41 1225 5 19
37 1171 5 37
33 1228 5 33
41 1003 5 33
50 1091 5 43
46 1169 5 44
47 1254 5 32
46 1081 5 41
39 1125 5 19
46 1217 5 16
35 1183 5 32
43 1103 5 34
46 1451 5 26
41 1237 5 48
42 1030 5 46
37 1031 5 31
50 1059 5 41
48 1158 5 40
50 1239 5 50
43 1164 5 43
38 1209 5 44
35 1014 5 41
33 1217 5 46
41 1100 5 48
41 1256 5 50
40 1094 5 40
50 1092 5 37
38 1187 5 34
49 1013 5 43
41 1037 5 19
38 1264 5 49
48 1090 5 50
49 1051 5 32
45 1260 5 10
46 1142 5 41
38 1072 5 18
48 1003 5 44
37 1128 5 45
50 1003 5 42
41 1171 5 41
44 1262 5 29
48 1033 5 48
38 1086 5 31
38 1058 5 11
50 1256 5 21
47 1238 5 11
49 1029 5 25
37 1092 5 25
45 1161 5 44
50 1101 5 23
48 1130 5 36
42 1080 5 36
37 1029 5 46
42 1249 5 10
33 1171 5 43
37 1265 5 34
48 1129 5 33
39 1213 5 50
38 1184 5 14
43 1236 5 42
43 1171 5 40
39 1108 5 46
34 1029 5 44
33 1372 5 50
39 1030 5 33
46 1250 5 28
38 1032 5 45
35 1097 5 10
48 1214 5 34
33 1213 5 22
40 1148 5 47
47 1174 5 44
43 1340 5 42
41 1080 5 29
46 1233 5 32
48 1212 5 27
50 1128 5 30
47 1062 5 10
50 1210 5 41
41 1362 5 28
47 1272 5 42
33 1209 5 44
50 1160 5 42
38 1205 5 49
40 1179 5 24
49 1145 5 41
36 1003 5 35
47 1136 5 29
33 1144 5 47
33 1106 5 50
37 1196 5 17
44 1102 5 43
42 1186 5 38
33 1092 5 33
48 1006 5 34
43 1219 5 35
42 1175 5 37
38 1112 5 48
48 1166 5 26
40 1106 5 33
40 1035 5 13
37 1311 5 43
39 1067 5 30
49 1106 5 35
50 1428 5 37
47 1165 5 37
38 1208 5 45
33 1255 5 31
36 1324 5 47
36 1098 5 38
50 1105 5 47
41 1110 5 50
34 1071 5 40
36 1067 5 32
36 1100 5 39
49 1017 5 50
38 1105 5 31
33 1147 5 36
35 1066 5 10
44 1093 5 27
41 1002 5 36
50 1166 5 49
39 1177 5 40
41 1013 5 47
40 1301 5 37
33 1155 5 40
46 1001 5 39
33 1040 5 50
38 1143 5 31
48 1080 5 39
42 1056 5 40
38 1169 5 10
49 1157 5 49
46 1189 5 48
34 1008 5 35
38 1082 5 47
50 1029 5 25
33 1170 5 29
43 1361 5 40
47 1051 5 35
45 1028 5 32
42 1082 5 11
37 1162 5 24
48 1001 5 19
37 1452 5 46
33 1027 5 21
34 1025 5 41
35 1187 5 44
45 1229 5 44
39 1290 5 26
34 1022 5 15
34 1208 5 22
41 1059 5 40
43 1008 5 48
35 1173 5 26
33 1197 5 33
47 1331 5 40
46 1182 5 48
43 1172 5 23
33 1087 5 31
37 1376 5 45
33 1185 5 32
49 1142 5 44
44 1161 5 27
34 1243 5 42
49 1035 5 31
40 1055 5 16
35 1224 5 50
48 1244 5 30
45 1023 5 33
50 1157 5 28
49 1025 5 50
37 1086 5 43
50 1295 5 29
34 1209 5 33
41 1203 5 15
43 1111 5 26
50 1182 5 10
49 1056 5 44
48 1292 5 48
42 1059 5 27
35 1284 5 33
36 1227 5 18
47 1131 5 48
36 1178 5 23
33 1009 5 10
40 1202 5 45
42 1167 5 49
35 1414 5 50
36 1107 5 37
46 1013 5 31
41 1069 5 23
42 1197 5 50
39 1276 5 44
40 1050 5 44
41 1097 5 45
46 1180 5 50
43 1165 5 35
37 1337 5 16
36 1063 5 20
45 1008 5 30
34 1186 5 44
42 1173 5 49
37 1114 5 10
34 1070 5 50
49 1175 5 48
50 1094 5 35
50 1275 5 21
50 1109 5 42
49 1339 5 23
46 1094 5 18
46 1336 5 50
33 1031 5 45
48 1220 5 45
42 1297 5 10
48 1188 5 42
35 1195 5 43
46 1021 5 50
33 1043 5 10
36 1229 5 50
42 1064 5 47
47 1143 5 27
42 1115 5 41
38 1082 5 27
37 1144 5 39
36 1051 5 45
40 1212 5 50
37 1108 5 41
38 1417 5 28
33 1022 5 46
49 1268 5 42
42 1132 5 49
33 1361 5 10
33 1115 5 29
34 1105 5 44
48 1283 5 49
36 1174 5 45
39 1065 5 25
34 1052 5 31
43 1056 5 42
42 1033 5 25
46 1046 5 10
50 1008 5 45
37 1158 5 36
37 1228 5 43
43 1167 5 17
50 1222 5 38
43 1069 5 10
40 1038 5 22
42 1020 5 43
39 1015 5 18
35 1134 5 43
34 1304 5 42
49 1116 5 15
48 1052 5 22
47 1036 5 46
33 1088 5 22
44 1171 5 27
39 1373 5 43
41 1164 5 21
49 1194 5 22
44 1019 5 35
45 1274 5 16
43 1112 5 50
45 1112 5 46
36 1081 5 43
42 1028 5 43
46 1087 5 44
48 1079 5 48
40 1117 5 18
50 1102 5 35
47 1137 5 45
44 1102 5 45
37 1082 5 45
45 1221 5 43
46 1133 5 39
47 1178 5 30
48 1013 5 49
41 1036 5 10
47 1142 5 33
39 1065 5 30
34 1023 5 45
35 1091 5 44
50 1302 5 47
40 1270 5 27
36 1217 5 38
49 1127 5 45
35 1124 5 49
42 1127 5 16
45 1161 5 39
47 1125 5 43
49 1159 5 43
41 1223 5 50
50 1143 5 44
43 1250 5 30
45 1004 5 28
34 1094 5 32
42 1175 5 27
41 1042 5 10
40 1038 5 49
39 1190 5 17
34 1123 5 47
38 1363 5 29
47 1311 5 32
37 1190 5 50
44 1253 5 31
43 1517 5 49
34 1005 5 47
40 1256 5 37
40 1105 5 42
40 1041 5 18
47 1122 5 28
36 1112 5 39
47 1023 5 38
45 1087 5 45
38 1024 5 30
36 1013 5 10
41 1205 5 47
47 1028 5 46
38 1384 5 46
39 1319 5 38
47 1299 5 12
50 1335 5 38
37 1406 5 35
44 1086 5 48
50 1164 5 10
45 1025 5 26
44 1264 5 10
41 1265 5 10
39 1362 5 48
47 1057 5 50
42 1071 5 50
36 1297 5 49
43 1167 5 41
44 1229 5 17
46 1380 5 28
33 1252 5 44
49 1047 5 30
35 1127 5 44
41 1070 5 39
45 1148 5 33
50 1226 5 26
49 1111 5 34
35 1118 5 47
49 1002 5 48
36 1315 5 45
36 1058 5 10
39 1014 5 43
36 1281 5 30
42 1014 5 42
43 1548 5 45
36 1002 5 48
38 1071 5 35
44 1100 5 47
46 1240 5 45
46 1071 5 32
37 1128 5 20
33 1362 5 41
34 1028 5 47
36 1326 5 43
37 1139 5 17
46 1229 5 45
49 1084 5 42
39 1320 5 44
34 1087 5 43
39 1098 5 32
49 1215 5 30
36 1285 5 31
44 1131 5 43
36 1025 5 35
43 1057 5 39
44 1293 5 24
43 1019 5 45
35 1170 5 47
43 1311 5 10
35 1038 5 34
35 1058 5 28
47 1268 5 43
49 1125 5 38
48 1202 5 39
49 1135 5 20
44 1254 5 40
45 1112 5 50
47 1270 5 10
37 1228 5 44
36 1072 5 38
38 1071 5 21
48 1159 5 43
45 1088 5 36
48 1080 5 44
49 1173 5 40
39 1231 5 24
48 1254 5 39
48 1282 5 43
40 1010 5 38
45 1247 5 41
35 1015 5 40
49 1132 5 40
38 1155 5 39
43 1088 5 25
34 1035 5 21
49 1250 5 31
35 1138 5 20
47 1115 5 48
39 1283 5 23
49 1204 5 47
44 1352 5 29
35 1241 5 39
47 1350 5 43
39 1327 5 28
39 1159 5 40
41 1241 5 39
45 1215 5 28
40 1198 5 36
36 1086 5 37
48 1156 5 50
42 1309 5 29
34 1150 5 32
34 1007 5 49
33 1047 5 32
44 1007 5 35
49 1005 5 50
46 1137 5 14
46 1177 5 42
46 1082 5 28
36 1225 5 36
41 1312 5 21
39 1028 5 22
36 1345 5 48
36 1077 5 33
46 1043 5 10
37 1272 5 35
38 1060 5 18
34 1129 5 47
43 1235 5 39
45 1041 5 24
46 1010 5 41
35 1033 5 35
49 1155 5 10
50 1091 5 50
37 1086 5 47
42 1043 5 35
42 1232 5 36
42 1268 5 45
49 1213 5 29
35 1180 5 35
48 1178 5 38
48 1390 5 41
43 1047 5 32
33 1074 5 46
47 1007 5 46
48 1173 5 46
36 1051 5 32
45 1052 5 50
44 1063 5 47
33 1137 5 50
47 1093 5 33
39 1190 5 26
37 1322 5 20
33 1115 5 10
45 1065 5 45
42 1079 5 34
35 1028 5 47
33 1128 5 25
45 1067 5 16
47 1010 5 22
35 1078 5 44
45 1208 5 46
34 1238 5 43
43 1115 5 46
43 1139 5 42
43 1028 5 43
50 1159 5 32
48 1040 5 24
47 1026 5 46
45 1052 5 28
37 1078 5 38
35 1113 5 32
37 1070 5 42
35 1339 5 33
33 1138 5 16
33 1415 5 40
42 1148 5 50
36 1043 5 45
47 1008 5 16
43 1236 5 44
33 1018 5 43
37 1005 5 32
38 1104 5 49
42 1282 5 48
41 1172 5 45
47 1009 5 46
49 1087 5 30
47 1118 5 40
34 1209 5 10
50 1228 5 40
49 1252 5 49
42 1053 5 49
50 1112 5 49
48 1018 5 23
35 1141 5 44
37 1049 5 35
49 1002 5 41
44 1042 5 34
48 1079 5 21
35 1134 5 39
34 1002 5 17
48 1145 5 43
46 1024 5 45
35 1020 5 29
33 1226 5 31
46 1140 5 19
43 1187 5 30
44 1096 5 34
47 1053 5 38
34 1214 5 39
34 1204 5 32
44 1322 5 38
36 1002 5 42
38 1127 5 48
42 1039 5 48
35 1111 5 28
41 1154 5 37
44 1058 5 40
41 1378 5 23
46 1102 5 34
33 1403 5 22
44 1039 5 38
48 1042 5 34
41 1111 5 43
47 1039 5 33
50 1098 5 40
41 1364 5 41
45 1047 5 15
43 1120 5 41
42 1102 5 43
33 1301 5 36
42 1085 5 34
47 1093 5 46
43 1286 5 50
44 1004 5 34
40 1125 5 25
38 1363 5 50
36 1229 5 10
43 1049 5 37
45 1147 5 42
48 1390 5 20
49 1187 5 38
50 1167 5 36
50 1398 5 50
44 1244 5 35
42 1003 5 44
39 1173 5 39
47 1151 5 34
49 1110 5 27
41 1313 5 25
49 1203 5 42
48 1215 5 37
47 1285 5 29
41 1260 5 40
44 1321 5 46
39 1319 5 39
38 1051 5 49
41 1002 5 47
33 1119 5 50
45 1265 5 28
35 1151 5 20
44 1186 5 27
41 1277 5 27
38 1139 5 34
43 1267 5 33
34 1244 5 39
34 1033 5 26
49 1249 5 31
50 1158 5 41
44 1013 5 49
44 1183 5 41
44 1050 5 27
38 1101 5 16
48 1120 5 40
34 1053 5 29
40 1438 5 49
33 1019 5 32
45 1460 5 39
48 1142 5 36
42 1339 5 29
48 1167 5 36
36 1051 5 38
36 1007 5 31
34 1053 5 44
33 1167 5 41
33 1199 5 49
41 1013 5 50
44 1003 5 46
44 1197 5 49
42 1384 5 39
41 1202 5 36
46 1065 5 10
40 1110 5 48
46 1370 5 39
33 1169 5 38
48 1137 5 48
37 1016 5 29
49 1222 5 27
42 1144 5 23
36 1123 5 44
41 1113 5 39
48 1134 5 22
42 1170 5 47
36 1083 5 46
48 1077 5 21
47 1045 5 10
40 1373 5 45
44 1020 5 10
50 1148 5 47
49 1243 5 15
45 1210 5 40
44 1039 5 24
49 1064 5 42
46 1304 5 43
39 1017 5 32
41 1085 5 46
34 1242 5 40
46 1036 5 28
47 1094 5 33
46 1267 5 50
38 1133 5 38
43 1038 5 48
50 1409 5 31
47 1100 5 29
42 1066 5 14
39 1123 5 21
44 1318 5 23
45 1249 5 36
50 1151 5 36
37 1120 5 49
46 1169 5 48
33 1167 5 31
50 1266 5 45
35 1238 5 19
41 1384 5 29
36 1076 5 23
44 1319 5 28
40 1180 5 35
47 1090 5 27
36 1042 5 29
50 1119 5 42
39 1085 5 30
39 1180 5 10
33 1035 5 40
37 1083 5 29
39 1277 5 39
34 1112 5 14
37 1060 5 43
38 1199 5 28
36 1361 5 45
37 1256 5 33
37 1035 5 38
45 1217 5 31
49 1164 5 38
38 1175 5 47
43 1090 5 37
39 1124 5 45
47 1206 5 10
45 1037 5 38
36 1246 5 39
38 1078 5 36
41 1171 5 25
50 1228 5 46
43 1194 5 48
40 1008 5 49
39 1156 5 45
45 1083 5 49
36 1131 5 50
37 1171 5 31
45 1088 5 47
44 1348 5 48
48 1293 5 45
37 1251 5 25
45 1173 5 48
50 1051 5 26
34 1156 5 10
50 1321 5 37
34 1165 5 46
42 1235 5 38
47 1220 5 32
48 1148 5 15
39 1113 5 43
37 1246 5 48
34 1027 5 48
49 1164 5 21
50 1348 5 44
46 1097 5 44
33 1017 5 11
50 1140 5 28
37 1177 5 36
35 1058 5 45
49 1282 5 17
37 1111 5 42
38 1227 5 38
37 1121 5 15
50 1047 5 40
43 1130 5 29
45 1168 5 49
33 1364 5 23
34 1139 5 10
35 1185 5 32
44 1049 5 44
38 1037 5 16
36 1013 5 38
40 1255 5 43
44 1138 5 47
50 1010 5 46
38 1216 5 45
48 1047 5 49
38 1169 5 20
40 1165 5 37
43 1178 5 35
41 1108 5 44
45 1063 5 25
35 1194 5 40
36 1022 5 50
46 1062 5 38
48 1224 5 45
39 1221 5 37
38 1148 5 38
39 1031 5 38
33 1116 5 22
45 1499 5 10
34 1019 5 50
48 1069 5 30
38 1120 5 16
45 1263 5 35
47 1001 5 27
37 1192 5 44
46 1163 5 47
34 1094 5 26
40 1032 5 45
34 1226 5 43
38 1251 5 40
43 1013 5 42
35 1015 5 23
46 1049 5 17
50 1057 5 43
33 1057 5 29
37 1052 5 28
47 1100 5 11
38 1094 5 49
50 1302 5 18
48 1154 5 39
35 1017 5 34
45 1039 5 31
44 1175 5 20
45 1338 5 36
46 1010 5 37
36 1110 5 34
40 1322 5 34
50 1058 5 44
46 1154 5 39
34 1006 5 31
44 1057 5 26
33 1130 5 36
39 1045 5 45
40 1034 5 38
49 1024 5 43
38 1283 5 22
36 1181 5 10
33 1030 5 10
37 1068 5 14
38 1054 5 48
49 1217 5 40
49 1133 5 10
41 1021 5 42
50 1085 5 47
48 1024 5 24
37 1110 5 29
50 1112 5 26
40 1319 5 12
50 1040 5 35
48 1025 5 27
50 1354 5 47
44 1060 5 43
50 1159 5 49
33 1153 5 39
46 1345 5 40
42 1160 5 40
33 1036 5 27
46 1066 5 43
36 1075 5 10
45 1088 5 41
45 1093 5 39
35 1054 5 50
39 1033 5 21
38 1324 5 36
49 1123 5 37
48 1052 5 29
49 1106 5 10
47 1149 5 32
36 1279 5 35
39 1200 5 48
50 1163 5 18
43 1062 5 45
50 1058 5 12
48 1312 5 45
34 1025 5 32
50 1079 5 46
49 1067 5 25
50 1131 5 25
35 1092 5 36
37 1104 5 37
35 1110 5 37
45 1096 5 43
45 1113 5 24
45 1182 5 47
44 1025 5 38
34 1095 5 10
43 1322 5 49
36 1253 5 36
34 1064 5 20
50 1032 5 15
37 1228 5 50
37 1117 5 38
47 1296 5 39
43 1157 5 49
48 1145 5 46
33 1350 5 35
45 1117 5 50
36 1027 5 11
34 1370 5 25
47 1075 5 43
39 1229 5 34
39 1107 5 38
33 1370 5 42
50 1043 5 44
36 1034 5 30
40 1227 5 17
35 1112 5 40
46 1105 5 17
42 1070 5 50
48 1024 5 39
39 1074 5 48
40 1063 5 22
48 1109 5 38
34 1038 5 32
38 1214 5 10
49 1099 5 18
33 1355 5 50
48 1137 5 44
40 1040 5 31
47 1302 5 30
34 1244 5 13
40 1101 5 22
41 1059 5 10
45 1204 5 35
42 1007 5 50
33 1093 5 22
46 1073 5 48
35 1049 5 15
36 1043 5 39
42 1214 5 40
39 1035 5 28
48 1105 5 27
40 1030 5 41
43 1224 5 32
34 1004 5 30
46 1038 5 23
34 1222 5 44
38 1049 5 47
37 1143 5 43
37 1275 5 23
33 1052 5 25
50 1130 5 15
48 1254 5 14
33 1087 5 46
48 1229 5 40
35 1145 5 46
37 1201 5 34
41 1030 5 19
40 1149 5 39
47 1044 5 38
39 1012 5 44
45 1144 5 38
45 1115 5 48
44 1252 5 21
50 1186 5 33
39 1148 5 38
33 1029 5 49
40 1177 5 29
34 1026 5 15
40 1098 5 35
50 1071 5 44
47 1038 5 50
34 1123 5 40
44 1287 5 13
36 1191 5 32
35 1227 5 45
48 1276 5 36
50 1123 5 48
50 1102 5 28
45 1032 5 40
50 1135 5 45
45 1063 5 10
41 1153 5 10
41 1075 5 37
45 1008 5 42
47 1080 5 45
47 1170 5 48
33 1110 5 22
34 1028 5 47
35 1141 5 32
41 1377 5 34
41 1133 5 37
38 1183 5 35
33 1248 5 49
35 1103 5 46
41 1138 5 30
33 1017 5 22
45 1136 5 44
37 1066 5 24
47 1073 5 48
36 1135 5 25
39 1222 5 50
37 1232 5 39
39 1349 5 33
46 1199 5 19
33 1263 5 48
46 1247 5 49
49 1188 5 47
35 1217 5 29
34 1142 5 35
45 1028 5 42
36 1108 5 17
49 1084 5 19
41 1010 5 32
47 1160 5 10
49 1056 5 33
36 1221 5 43
37 1058 5 50
49 1076 5 32
38 1298 5 45
37 1208 5 30
36 1095 5 26
45 1131 5 10
48 1184 5 49
43 1235 5 50
35 1076 5 39
39 1094 5 35
44 1188 5 30
42 1010 5 26
36 1220 5 49
45 1173 5 36
40 1086 5 46
48 1054 5 41
37 1047 5 27
33 1002 5 41
35 1155 5 21
45 1275 5 46
38 1234 5 25
36 1066 5 45
47 1183 5 40
38 1089 5 41
37 1170 5 42
43 1218 5 37
50 1086 5 48
39 1268 5 22
42 1202 5 33
38 1093 5 15
40 1027 5 36
39 1394 5 17
38 1002 5 37
38 1130 5 39
36 1028 5 41
46 1118 5 37
41 1217 5 29
34 1067 5 24
48 1225 5 36
39 1012 5 10
50 1035 5 43
43 1127 5 10
44 1252 5 46
42 1119 5 20
44 1208 5 31
46 1036 5 41
46 1095 5 42
33 1090 5 17
41 1209 5 31
44 1119 5 31
43 1225 5 26
44 1158 5 46
43 1206 5 39
44 1357 5 32
37 1237 5 21
44 1039 5 33
33 1173 5 17
34 1073 5 50
47 1130 5 34
38 1280 5 10
40 1177 5 42
48 1002 5 33
45 1289 5 44
36 1060 5 21
36 1003 5 48
49 1012 5 44
50 1207 5 38
41 1096 5 34
44 1162 5 44
47 1156 5 37
36 1209 5 33
48 1210 5 35
49 1085 5 27
43 1319 5 36
47 1105 5 43
46 1186 5 46
40 1029 5 17
45 1134 5 31
39 1035 5 37
38 1183 5 27
42 1365 5 36
33 1098 5 28
35 1307 5 21
50 1118 5 12
39 1098 5 41
44 1279 5 13
48 1066 5 23
44 1190 5 43
47 1081 5 11
43 1091 5 38
33 1110 5 49
48 1064 5 50
45 1125 5 42
37 1366 5 39
34 1131 5 44
50 1126 5 14
41 1118 5 40
46 1065 5 45
39 1285 5 10
44 1197 5 34
42 1160 5 49
46 1272 5 44
42 1116 5 36
44 1048 5 50
45 1082 5 17
34 1220 5 42
36 1015 5 37
46 1094 5 10
45 1375 5 19
36 1126 5 47
41 1065 5 50
35 1144 5 10
50 1010 5 34
46 1043 5 43
38 1007 5 33
39 1087 5 50
45 1181 5 50
41 1097 5 48
43 1219 5 36
38 1109 5 46
38 1104 5 35
45 1137 5 22
40 1011 5 41
42 1239 5 33
39 1088 5 44
37 1088 5 41
33 1282 5 49
49 1235 5 49
36 1100 5 38
33 1363 5 49
33 1036 5 33
36 1353 5 10
46 1144 5 40
36 1016 5 18
41 1433 5 43
44 1279 5 10
47 1216 5 36
37 1029 5 15
48 1077 5 10
45 1136 5 43
43 1293 5 43
34 1041 5 48
33 1041 5 10
47 1220 5 43
38 1056 5 25
45 1249 5 22
48 1223 5 35
35 1317 5 34
44 1027 5 47
42 1272 5 30
36 1202 5 12
42 1155 5 49
43 1248 5 47
50 1165 5 24
39 1014 5 41
36 1347 5 18
36 1040 5 39
47 1164 5 47
44 1270 5 49
39 1198 5 34
47 1122 5 20
49 1023 5 45
47 1283 5 47
45 1067 5 35
41 1076 5 10
43 1002 5 43
45 1234 5 31
49 1144 5 36
40 1431 5 30
34 1286 5 34
39 1351 5 48
50 1048 5 10
50 1197 5 47
50 1185 5 10
50 1402 5 18
48 1051 5 35
44 1061 5 20
40 1101 5 10
43 1016 5 40
46 1159 5 23
42 1277 5 36
49 1091 5 10
44 1194 5 33
50 1073 5 33
41 1293 5 45
37 1225 5 40
41 1178 5 30
47 1094 5 33
50 1068 5 36
46 1301 5 34
41 1168 5 32
35 1088 5 42
47 1109 5 46
50 1296 5 24
48 1037 5 45
45 1003 5 35
48 1047 5 47
49 1054 5 24
33 1216 5 12
33 1167 5 36
33 1113 5 40
36 1079 5 27
41 1233 5 48
50 1073 5 18
46 1286 5 33
47 1224 5 45
48 1241 5 46
36 1132 5 44
36 1174 5 36
35 1087 5 42
47 1092 5 24
44 1195 5 46
45 1058 5 43
38 1160 5 39
41 1329 5 39
38 1100 5 10
48 1046 5 50
34 1151 5 34
50 1101 5 42
50 1008 5 12
49 1130 5 33
39 1090 5 46
43 1004 5 25
39 1016 5 27
48 1078 5 25
47 1108 5 17
33 1081 5 10
34 1241 5 35
37 1272 5 40
44 1166 5 43
39 1249 5 20
33 1097 5 49
47 1233 5 36
44 1047 5 12
41 1211 5 38
43 1222 5 45
40 1220 5 43
35 1135 5 10
47 1243 5 50
48 1226 5 33
45 1038 5 20
34 1272 5 38
34 1066 5 40
34 1082 5 42
43 1103 5 10
39 1182 5 35
44 1020 5 12
36 1081 5 47
48 1289 5 44
49 1087 5 45
33 1143 5 30
44 1007 5 26
48 1243 5 34
46 1127 5 27
47 1393 5 49
33 1049 5 33
35 1191 5 49
45 1289 5 36
41 1297 5 25
41 1186 5 23
35 1127 5 34
44 1121 5 38
42 1110 5 28
50 1063 5 46
44 1065 5 40
35 1306 5 47
50 1269 5 39
38 1258 5 50
40 1303 5 41
43 1105 5 48
38 1084 5 41
33 1082 5 48
44 1029 5 46
40 1226 5 35
38 1082 5 39
49 1277 5 35
48 1031 5 36
39 1152 5 33
34 1066 5 22
46 1256 5 42
36 1226 5 28
36 1303 5 32
50 1126 5 43
41 1060 5 21
36 1064 5 11
34 1020 5 25
35 1085 5 13
48 1234 5 27
33 1197 5 33
47 1054 5 37
34 1033 5 49
42 1211 5 36
50 1015 5 10
34 1271 5 50
47 1058 5 27
40 1116 5 14
42 1066 5 30
43 1180 5 10
45 1113 5 13
34 1032 5 37
34 1088 5 17
36 1085 5 41
36 1380 5 44
38 1190 5 35
43 1164 5 24
43 1416 5 41
42 1091 5 48
41 1088 5 17
37 1087 5 47
40 1054 5 23
44 1100 5 43
38 1028 5 11
41 1163 5 46
34 1055 5 49
42 1186 5 26
43 1191 5 44
42 1216 5 10
41 1154 5 30
44 1128 5 48
50 1151 5 30
49 1254 5 19
46 1030 5 35
45 1236 5 50
38 1204 5 31
42 1026 5 28
39 1181 5 40
41 1268 5 42
37 1076 5 48
47 1235 5 15
42 1133 5 17
34 1070 5 39
50 1254 5 36
50 1373 5 35
39 1135 5 44
33 1176 5 49
38 1002 5 22
42 1030 5 20
44 1168 5 19
36 1234 5 14
43 1022 5 26
34 1074 5 22
33 1139 5 32
39 1146 5 49
48 1124 5 29
48 1058 5 31
49 1007 5 18
40 1083 5 47
36 1043 5 32
50 1041 5 42
45 1066 5 28
43 1123 5 46
38 1013 5 37
38 1136 5 45
37 1166 5 25
48 1043 5 42
36 1081 5 36
38 1096 5 42
38 1063 5 43
41 1232 5 39
44 1081 5 20
37 1208 5 46
33 1269 5 28
50 1005 5 26
40 1126 5 47
35 1272 5 50
50 1006 5 20
35 1189 5 35
34 1140 5 45
46 1013 5 49
42 1101 5 14
36 1259 5 19
39 1068 5 32
36 1096 5 37
37 1148 5 28
41 1175 5 35
37 1066 5 48
45 1007 5 32
34 1053 5 40
49 1097 5 16
50 1128 5 46
43 1073 5 21
44 1196 5 40
33 1412 5 50
37 1004 5 24
40 1126 5 45
46 1121 5 36
38 1052 5 32
33 1217 5 40
39 1057 5 47
45 1129 5 47
50 1065 5 47
34 1231 5 34
40 1303 5 39
40 1323 5 50
50 1286 5 38
40 1242 5 48
34 1043 5 46
42 1319 5 48
50 1108 5 30
40 1069 5 43
50 1181 5 30
35 1099 5 21
47 1108 5 36
41 1159 5 39
33 1005 5 41
35 1288 5 18
35 1439 5 37
39 1052 5 41
40 1039 5 46
33 1266 5 35
48 1001 5 44
35 1035 5 32
37 1085 5 45
37 1208 5 40
36 1055 5 43
48 1194 5 10
47 1126 5 45
47 1283 5 10
34 1104 5 39
39 1058 5 47
43 1148 5 39
40 1141 5 15
43 1316 5 41
37 1098 5 39
42 1036 5 28
47 1031 5 19
42 1237 5 47
45 1259 5 33
47 1380 5 29
43 1061 5 45
50 1187 5 46
41 1160 5 37
44 1075 5 46
34 1020 5 33
45 1286 5 10
38 1181 5 50
34 1096 5 45
40 1117 5 42
43 1157 5 41
34 1117 5 21
40 1177 5 39
43 1038 5 48
38 1004 5 40
46 1335 5 42
43 1007 5 40
41 1120 5 32
33 1139 5 42
50 1209 5 45
38 1062 5 42
33 1133 5 49
47 1020 5 50
42 1186 5 43
35 1077 5 49
39 1091 5 26
48 1055 5 44
39 1093 5 41
42 1092 5 48
43 1148 5 49
45 1358 5 10
41 1151 5 25
49 1183 5 36
36 1227 5 27
35 1280 5 32
49 1169 5 41
35 1129 5 32
48 1010 5 13
33 1040 5 10
44 1003 5 43
48 1364 5 41
46 1300 5 37
39 1088 5 39
34 1237 5 40
33 1172 5 47
35 1376 5 29
36 1315 5 15
39 1118 5 47
50 1128 5 47
45 1148 5 50
33 1116 5 50
44 1295 5 39
35 1048 5 33
39 1107 5 49
44 1166 5 30
38 1267 5 48
50 1409 5 13
48 1314 5 32
47 1076 5 39
36 1499 5 11
34 1007 5 50
44 1066 5 50
40 1256 5 36
42 1027 5 38
50 1142 5 38
41 1182 5 34
34 1184 5 30
36 1017 5 32
38 1047 5 50
42 1029 5 25
49 1075 5 22
44 1028 5 43
34 1156 5 45
43 1003 5 29
37 1049 5 48
46 1096 5 46
45 1022 5 28
35 1225 5 10
35 1220 5 49
33 1164 5 49
41 1083 5 44
38 1068 5 32
33 1118 5 20
35 1060 5 38
39 1291 5 27
48 1045 5 32
46 1035 5 41
48 1341 5 49
43 1078 5 34
34 1126 5 30
50 1038 5 21
43 1168 5 47
44 1010 5 47
36 1111 5 24
49 1184 5 44
39 1203 5 38
50 1208 5 46
38 1094 5 42
36 1105 5 17
39 1178 5 32
41 1125 5 25
50 1074 5 10
42 1181 5 37
48 1065 5 47
40 1037 5 41
39 1105 5 41
50 1062 5 47
39 1279 5 45
40 1025 5 30
42 1189 5 50
42 1056 5 50
38 1022 5 50
33 1363 5 39
33 1360 5 46
36 1155 5 14
41 1237 5 40
47 1325 5 40
48 1297 5 39
48 1318 5 32
50 1073 5 50
43 1073 5 47
47 1120 5 49
42 1123 5 48
48 1137 5 43
42 1109 5 41
44 1038 5 16
33 1052 5 26
49 1152 5 39
34 1182 5 21
44 1316 5 46
43 1179 5 49
43 1151 5 46
45 1120 5 48
35 1074 5 39
35 1083 5 39
47 1070 5 27
35 1156 5 38
33 1142 5 10
33 1030 5 41
34 1131 5 31
42 1010 5 25
50 1320 5 42
37 1395 5 45
47 1133 5 35
34 1009 5 45
50 1040 5 20
37 1225 5 46
38 1109 5 46
38 1150 5 39
39 1079 5 42
43 1192 5 45
34 1039 5 39
41 1154 5 27
35 1275 5 50
50 1215 5 39
47 1147 5 46
47 1056 5 50
39 1332 5 24
50 1193 5 45
41 1149 5 49
34 1116 5 48
33 1412 5 38
48 1266 5 10
45 1004 5 22
38 1200 5 45
45 1044 5 43
38 1063 5 31
39 1070 5 31
49 1069 5 39
34 1006 5 41
46 1294 5 20
45 1018 5 37
33 1008 5 47
41 1085 5 45
36 1124 5 12
38 1169 5 40
47 1380 5 21
44 1205 5 28
37 1081 5 16
34 1101 5 45
37 1212 5 34
35 1173 5 44
41 1157 5 38
39 1415 5 19
43 1123 5 22
50 1269 5 10
38 1195 5 23
36 1198 5 23
43 1074 5 31
45 1211 5 43
43 1125 5 31
38 1287 5 34
37 1065 5 39
33 1170 5 39
49 1186 5 10
41 1010 5 25
45 1157 5 33
46 1277 5 10
45 1019 5 38
35 1065 5 48
35 1244 5 44
33 1291 5 41
39 1164 5 22
44 1129 5 37
44 1050 5 47
43 1034 5 34
37 1057 5 33
40 1033 5 49
49 1101 5 45
34 1041 5 44
36 1270 5 41
40 1151 5 39
43 1016 5 10
42 1158 5 48
38 1356 5 50
43 1186 5 33
45 1121 5 24
44 1068 5 43
37 1263 5 10
33 1003 5 45
39 1505 5 31
44 1035 5 19
41 1183 5 10
41 1137 5 44
37 1125 5 38
38 1192 5 42
40 1189 5 17
49 1131 5 38
35 1224 5 10
43 1269 5 49
42 1157 5 45
48 1024 5 35
33 1001 5 45
38 1104 5 37
35 1043 5 23
34 1227 5 42
49 1348 5 37
43 1140 5 38
45 1220 5 46
45 1065 5 26
44 1165 5 35
36 1007 5 35
43 1007 5 49
34 1096 5 47
37 1051 5 16
42 1010 5 32
33 1104 5 34
37 1079 5 42
47 1074 5 29
39 1044 5 48
49 1108 5 20
38 1341 5 24
41 1237 5 42
48 1042 5 39
45 1187 5 50
33 1180 5 35
50 1293 5 32
47 1031 5 12
50 1125 5 49
47 1208 5 32
50 1351 5 47
48 1202 5 29
44 1083 5 32
44 1260 5 29
40 1021 5 50
50 1114 5 24
41 1295 5 45
34 1117 5 10
50 1002 5 37
48 1109 5 39
40 1116 5 41
39 1099 5 49
49 1325 5 39
43 1155 5 44
41 1071 5 43
33 1069 5 49
43 1293 5 45
45 1274 5 22
35 1101 5 24
37 1048 5 47
49 1100 5 21
45 1292 5 39
48 1184 5 45
46 1017 5 47
40 1033 5 16
41 1172 5 31
37 1077 5 39
50 1080 5 25
50 1156 5 39
48 1105 5 44
46 1040 5 23
48 1221 5 27
38 1280 5 32
42 1192 5 27
35 1057 5 36
36 1223 5 32
36 1028 5 20
39 1109 5 38
39 1135 5 39
42 1105 5 36
42 1091 5 20
49 1043 5 28
44 1215 5 27
38 1241 5 35
40 1205 5 13
35 1291 5 22
40 1131 5 36
50 1077 5 34
46 1232 5 48
41 1254 5 40
45 1073 5 33
34 1032 5 44
35 1261 5 44
50 1249 5 48
48 1208 5 48
38 1067 5 34
49 1088 5 43
50 1171 5 11
48 1190 5 37
48 1359 5 10
49 1356 5 22
39 1113 5 23
45 1053 5 16
44 1034 5 30
46 1340 5 27
45 1039 5 39
33 1127 5 39
48 1115 5 48
41 1267 5 42
48 1180 5 40
37 1238 5 37
39 1038 5 36
36 1134 5 31
42 1128 5 49
41 1243 5 32
48 1270 5 10
38 1080 5 39
35 1039 5 42
41 1146 5 43
35 1074 5 46
46 1296 5 36
39 1126 5 36
43 1208 5 34
48 1143 5 50
41 1027 5 36
33 1271 5 47
48 1331 5 45
38 1188 5 16
38 1195 5 38
40 1265 5 45
48 1081 5 27
48 1008 5 40
45 1013 5 16
45 1235 5 28
33 1079 5 42
33 1119 5 35
40 1072 5 49
45 1077 5 47
48 1194 5 46
46 1324 5 35
37 1037 5 10
37 1043 5 27
40 1132 5 38
41 1139 5 42
34 1082 5 44
41 1044 5 33
49 1168 5 47
46 1337 5 50
37 1055 5 37
43 1047 5 49
48 1375 5 26
39 1001 5 29
47 1220 5 38
36 1132 5 49
46 1272 5 48
34 1016 5 45
38 1272 5 22
49 1154 5 38
46 1017 5 20
39 1092 5 50
33 1084 5 43
36 1004 5 28
35 1133 5 39
40 1372 5 23
46 1183 5 10
47 1072 5 30
39 1337 5 38
33 1006 5 50
40 1074 5 38
50 1239 5 34
49 1093 5 41
39 1495 5 22
42 1184 5 29
43 1023 5 49
38 1031 5 18
37 1225 5 10
46 1118 5 37
43 1001 5 12
50 1279 5 38
44 1029 5 33
46 1254 5 47
48 1010 5 31
36 1029 5 18
37 1193 5 19
39 1086 5 49
49 1265 5 49
43 1106 5 41
50 1092 5 26
48 1033 5 49
47 1029 5 40
42 1220 5 35
50 1022 5 24
47 1181 5 32
36 1179 5 10
34 1175 5 30
33 1119 5 42
40 1135 5 21
44 1002 5 35
41 1112 5 41
40 1225 5 18
43 1031 5 44
50 1055 5 34
35 1201 5 37
44 1251 5 36
34 1050 5 19
43 1093 5 48
44 1018 5 37
45 1294 5 46
37 1258 5 46
46 1101 5 34
39 1002 5 47
46 1010 5 28
44 1169 5 41
45 1179 5 35
33 1095 5 44
33 1219 5 35
44 1446 5 49
37 1134 5 10
40 1318 5 40
45 1102 5 18
50 1129 5 37
35 1070 5 10
41 1111 5 50
40 1027 5 37
41 1279 5 44
37 1218 5 45
33 1127 5 39
33 1171 5 50
49 1079 5 18
45 1169 5 33
47 1047 5 40
33 1222 5 19
33 1140 5 50
38 1110 5 29
35 1267 5 10
35 1235 5 12
39 1203 5 10
37 1087 5 49
37 1114 5 41
41 1240 5 17
50 1036 5 33
50 1139 5 45
41 1274 5 37
33 1121 5 14
48 1002 5 43
34 1015 5 48
45 1276 5 10
50 1058 5 15
46 1081 5 32
40 1080 5 44
49 1037 5 17
48 1178 5 42
44 1024 5 36
37 1179 5 27
47 1134 5 10
48 1030 5 41
37 1035 5 49
45 1104 5 35
42 1112 5 39
44 1206 5 48
50 1208 5 10
34 1348 5 38
33 1115 5 42
47 1289 5 23
44 1213 5 14
44 1194 5 42
36 1183 5 38
38 1173 5 41
43 1399 5 32
48 1121 5 46
34 1071 5 35
44 1098 5 10
36 1248 5 44
36 1242 5 41
46 1090 5 46
39 1071 5 47
49 1299 5 44
50 1293 5 36
37 1266 5 39
42 1048 5 37
50 1110 5 43
42 1029 5 25
43 1082 5 50
42 1379 5 26
41 1311 5 37
38 1228 5 33
40 1163 5 41
34 1322 5 10
46 1178 5 39
47 1156 5 46
50 1138 5 25
33 1222 5 31
46 1272 5 22
43 1026 5 12
43 1053 5 42
42 1179 5 50
41 1014 5 50
45 1089 5 36
36 1376 5 16
47 1334 5 10
37 1047 5 23
35 1164 5 48
42 1172 5 37
44 1243 5 35
40 1249 5 42
42 1290 5 29
33 1024 5 24
36 1263 5 38
37 1093 5 24
45 1099 5 25
37 1169 5 27
37 1122 5 15
34 1270 5 26
44 1200 5 40
39 1123 5 37
36 1141 5 36
37 1169 5 13
36 1247 5 49
50 1397 5 41
38 1061 5 44
41 1309 5 46
46 1286 5 26
44 1023 5 50
37 1389 5 46
50 1004 5 13
46 1092 5 48
39 1155 5 45
33 1428 5 12
48 1118 5 31
47 1008 5 45
33 1067 5 27
40 1006 5 43
40 1249 5 42
38 1317 5 10
48 1100 5 37
37 1093 5 47
33 1178 5 22
50 1223 5 45
50 1030 5 19
34 1112 5 45
41 1164 5 40
33 1093 5 22
41 1231 5 36
39 1079 5 19
35 1075 5 38
45 1086 5 43
33 1084 5 30
43 1041 5 46
33 1202 5 34
35 1187 5 43
42 1205 5 18
37 1099 5 50
33 1071 5 36
49 1083 5 29
33 1075 5 30
40 1391 5 40
40 1193 5 48
49 1240 5 40
50 1268 5 26
33 1151 5 45
44 1055 5 47
43 1025 5 19
50 1139 5 39
37 1284 5 29
38 1083 5 40
34 1199 5 26
33 1029 5 32
37 1129 5 21
38 1079 5 50
41 1133 5 46
36 1063 5 47
43 1279 5 46
39 1170 5 44
41 1031 5 48
50 1234 5 29
38 1023 5 45
42 1037 5 33
47 1067 5 22
33 1027 5 45
36 1312 5 17
50 1044 5 11
36 1284 5 22
49 1089 5 39
50 1100 5 41
43 1059 5 34
50 1268 5 42
39 1165 5 35
46 1078 5 41
33 1385 5 39
50 1220 5 46
38 1266 5 39
34 1064 5 25
38 1088 5 49
36 1050 5 38
37 1010 5 48
50 1103 5 47
36 1112 5 37
45 1180 5 45
50 1118 5 45
37 1301 5 42
46 1172 5 19
43 1108 5 50
36 1214 5 44
37 1024 5 10
46 1161 5 49
35 1158 5 49
33 1270 5 47
35 1102 5 38
33 1122 5 10
50 1258 5 44
44 1017 5 38
37 1282 5 32
34 1023 5 37
46 1062 5 43
48 1334 5 31
48 1163 5 43
36 1279 5 10
34 1122 5 42
38 1162 5 35
36 1165 5 37
33 1148 5 24
42 1057 5 43
40 1113 5 44
41 1059 5 30
47 1291 5 32
44 1049 5 35
37 1118 5 35
35 1016 5 43
46 1061 5 40
47 1206 5 10
38 1037 5 33
45 1142 5 28
50 1189 5 46
44 1036 5 32
41 1108 5 27
40 1053 5 29
47 1067 5 26
37 1031 5 16
33 1013 5 10
50 1029 5 45
40 1107 5 46
47 1024 5 15
47 1274 5 44
37 1167 5 38
44 1098 5 49
47 1091 5 22
46 1185 5 45
50 1257 5 50
34 1062 5 41
47 1006 5 46
48 1192 5 36
41 1070 5 42
43 1003 5 23
47 1147 5 35
43 1008 5 28
34 1177 5 48
39 1162 5 38
42 1017 5 10
40 1295 5 41
39 1321 5 33
34 1008 5 32
34 1011 5 40
40 1176 5 42
48 1032 5 20
35 1017 5 39
49 1416 5 32
41 1041 5 30
46 1020 5 15
41 1083 5 10
35 1171 5 39
33 1032 5 37
49 1139 5 31
42 1155 5 10
48 1285 5 49
41 1172 5 10
39 1134 5 13
42 1014 5 35
41 1301 5 10
35 1226 5 13
41 1290 5 24
39 1040 5 49
33 1003 5 17
36 1256 5 16
50 1029 5 16
49 1112 5 21
49 1114 5 29
46 1260 5 35
46 1039 5 35
47 1008 5 44
36 1085 5 10
33 1301 5 23
48 1103 5 33
34 1036 5 10
44 1085 5 43
50 1403 5 34
49 1064 5 50
46 1249 5 47
50 1006 5 33
43 1192 5 33
33 1075 5 30
44 1072 5 43
42 1203 5 38
33 1253 5 50
44 1304 5 43
41 1049 5 27
34 1020 5 43
35 1009 5 26
48 1106 5 27
33 1057 5 23
36 1168 5 46
48 1297 5 15
33 1040 5 11
47 1094 5 15
50 1198 5 50
44 1003 5 28
39 1032 5 43
46 1023 5 45
38 1012 5 36
50 1140 5 23
49 1015 5 42
39 1028 5 18
40 1100 5 30
50 1006 5 50
41 1030 5 34
33 1167 5 47
33 1189 5 48
33 1218 5 41
49 1257 5 48
36 1309 5 48
41 1117 5 24
48 1227 5 23
36 1067 5 43
46 1227 5 21
41 1079 5 28
42 1268 5 27
45 1222 5 42
37 1421 5 44
42 1152 5 31
49 1221 5 34
42 1170 5 37
42 1410 5 35
33 1044 5 22
40 1110 5 47
37 1038 5 25
44 1075 5 37
40 1107 5 45
39 1168 5 34
41 1291 5 27
46 1203 5 27
45 1291 5 18
49 1207 5 24
46 1365 5 42
42 1002 5 27
36 1162 5 47
35 1288 5 46
39 1016 5 10
37 1180 5 15
36 1135 5 41
34 1226 5 30
50 1091 5 44
43 1055 5 26
36 1216 5 38
40 1188 5 32
37 1127 5 47
46 1088 5 43
46 1120 5 34
47 1107 5 40
33 1287 5 49
43 1217 5 32
40 1264 5 27
40 1058 5 37
36 1231 5 47
40 1254 5 47
35 1110 5 49
49 1280 5 49
35 1219 5 21
37 1267 5 46
34 1007 5 37
43 1107 5 40
47 1119 5 26
36 1093 5 46
45 1042 5 46
46 1106 5 41
39 1016 5 44
36 1084 5 42
48 1482 5 29
36 1121 5 22
34 1080 5 41
50 1043 5 48
43 1166 5 28
36 1355 5 39
48 1035 5 46
50 1178 5 38
35 1041 5 24
34 1327 5 12
47 1147 5 30
47 1063 5 33
40 1119 5 44
46 1001 5 48
50 1149 5 45
44 1162 5 14
43 1018 5 40
41 1048 5 26
41 1083 5 35
47 1272 5 31
37 1118 5 50
39 1252 5 16
36 1068 5 18
39 1151 5 40
48 1216 5 50
36 1180 5 22
50 1109 5 39
50 1034 5 10
34 1244 5 42
44 1035 5 33
33 1219 5 41
38 1068 5 47
45 1060 5 47
44 1358 5 46
46 1197 5 47
44 1317 5 39
36 1276 5 50
49 1248 5 46
50 1027 5 28
33 1341 5 31
50 1131 5 24
48 1005 5 24
49 1058 5 39
34 1050 5 44
46 1050 5 48
48 1200 5 40
48 1050 5 42
45 1291 5 50
34 1126 5 35
35 1264 5 29
49 1119 5 32
47 1019 5 35
47 1104 5 46
35 1281 5 33
34 1279 5 47
38 1057 5 30
44 1197 5 43
46 1038 5 38
40 1221 5 31
34 1010 5 49
46 1201 5 39
46 1103 5 20
36 1240 5 46
39 1056 5 40
36 1316 5 45
47 1084 5 26
50 1182 5 10
42 1156 5 25
45 1046 5 10
48 1149 5 24
35 1061 5 48
49 1006 5 34
48 1182 5 36
33 1185 5 10
43 1158 5 47
42 1230 5 11
40 1054 5 36
44 1066 5 50
48 1132 5 30
42 1117 5 41
50 1100 5 16
36 1068 5 48
40 1014 5 29
45 1220 5 25
36 1212 5 48
50 1123 5 10
42 1188 5 47
34 1238 5 20
40 1184 5 46
47 1051 5 45
40 1044 5 41
46 1103 5 45
36 1089 5 22
41 1126 5 45
41 1295 5 41
40 1015 5 44
38 1015 5 17
44 1225 5 26
42 1212 5 34
38 1106 5 12
38 1426 5 42
40 1051 5 26
48 1110 5 46
46 1197 5 27
33 1017 5 46
49 1199 5 49
36 1238 5 50
36 1353 5 34
33 1093 5 32
40 1052 5 35
47 1068 5 38
36 1340 5 47
38 1022 5 44
44 1062 5 35
39 1082 5 29
49 1228 5 44
38 1243 5 43
38 1153 5 38
50 1232 5 10
48 1081 5 28
41 1121 5 34
41 1139 5 10
37 1087 5 35
49 1088 5 50
38 1221 5 50
37 1111 5 29
47 1087 5 44
45 1159 5 48
34 1271 5 38
33 1027 5 18
43 1273 5 38
41 1266 5 23
50 1116 5 41
47 1135 5 40
50 1317 5 45
36 1310 5 21
44 1236 5 23
46 1162 5 39
49 1206 5 50
50 1066 5 49
50 1185 5 49
43 1082 5 37
45 1063 5 48
49 1252 5 21
36 1148 5 31
48 1128 5 38
33 1070 5 50
47 1187 5 43
47 1427 5 46
50 1181 5 31
49 1017 5 27
42 1319 5 48
41 1032 5 42
33 1202 5 39
45 1280 5 47
40 1175 5 39
40 1151 5 47
33 1136 5 41
34 1330 5 12
35 1100 5 33
34 1243 5 43
33 1027 5 43
49 1357 5 43
50 1101 5 50
39 1060 5 44
35 1108 5 45
50 1282 5 46
46 1207 5 10
34 1112 5 23
48 1089 5 37
35 1144 5 29
46 1026 5 43
37 1022 5 38
39 1024 5 39
33 1038 5 17
50 1084 5 39
40 1309 5 26
37 1039 5 46
40 1066 5 42
48 1104 5 40
50 1220 5 21
39 1118 5 35
50 1035 5 48
43 1177 5 29
49 1241 5 30
49 1087 5 46
44 1008 5 10
43 1030 5 17
33 1044 5 46
41 1207 5 29
42 1079 5 35
36 1101 5 44
37 1285 5 48
41 1287 5 47
44 1160 5 44
42 1077 5 29
45 1010 5 47
46 1080 5 36
41 1331 5 43
48 1319 5 44
44 1217 5 31
#################
3201238
