488348
25719
365653
316273
147721
452007
239785
436075
318834
173397
49101
250555
262274
155532
100094
388890
302218
324218
107767
143111
481546
341757
23695
136463
347549
272003
279047
163396
48246
275610
118343
461361
410108
2255
76614
358106
240209
265806
435837
408621
38877
336951
171229
483225
328332
92094
22028
117515
279210
313671
473851
1311
383468
138236
461439
364288
358309
98226
445592
121355
472885
404281
295376
129274
481981
410567
180420
289149
440092
465515
368378
35694
398562
488352
405215
232957
39367
157772
291040
224809
282581
434887
494366
287507
218634
435410
99775
434453
431338
407105
386844
285636
184774
472307
265170
186169
421428
412497
359395
16446
29680
466205
330062
60303
104506
247379
377168
244842
50305
366637
60894
364940
452207
288337
422664
83048
369181
477986
286346
483483
308674
335583
395793
130704
308834
368861
99273
429844
232039
10404
217621
299460
346803
353444
208007
13448
305099
387820
463501
121388
99952
454600
172540
277272
15688
141762
498434
369958
226622
116611
412212
425305
74826
290057
80221
307422
412422
28800
386055
209104
139603
461682
381204
297921
71055
322102
310495
319976
307689
499188
411036
491673
489389
155351
116184
17055
365727
41038
246873
220045
226714
44688
261706
287762
356047
426553
15348
158331
195861
335265
123364
194865
361319
232598
16577
95509
113287
245629
21624
265935
380832
449115
239452
376647
86327
79878
445443
360718
236775
427240
376385
255684
178728
105264
37237
98751
249498
376219
197488
156386
416600
73872
70504
214300
75194
12229
208195
456597
377709
286636
110088
346077
417327
87549
360055
425264
10560
410604
441783
472216
466731
335292
50318
140557
217705
452330
477068
178241
222975
377371
93987
303178
195033
63897
71385
186323
402482
363456
401511
378584
373234
213873
63693
23128
330254
242117
429967
452286
200935
333915
280460
230993
215384
327406
311594
466079
306555
211974
201820
416166
281184
214318
177816
191844
292477
342823
441504
371930
466733
10360
12417
108555
127646
426173
354600
319237
382022
432899
267243
141966
329993
362037
239393
443063
193231
28334
179820
498706
411695
317312
364525
378746
333526
334448
347283
119095
363423
138480
57863
61079
106840
283368
405851
47847
380109
313029
485239
122464
284258
55539
372006
248
472535
225834
314633
194431
187756
77318
112250
187373
449022
472698
366765
367210
364699
69243
322090
415957
278136
288640
206274
413060
252204
129677
198612
329083
88236
463430
70046
112220
465603
451461
386527
122030
456026
273548
161347
334268
239971
333947
66753
368278
277179
481218
16088
204345
434262
19094
97557
126992
66803
108769
419359
245190
34219
170072
306310
124816
161838
393071
300229
254959
385199
155489
361796
159381
206820
430152
459918
498652
152306
131445
293339
230612
98179
276730
262646
259341
496758
323832
475460
241801
352330
42810
200209
324037
411866
104512
146753
270210
301592
367900
295508
286613
76586
441449
192822
486642
97321
147621
164018
361986
294282
89983
382661
374826
444708
495301
388449
303070
433463
109322
371285
359229
488453
216205
430899
458791
412287
399590
248077
133294
185408
440673
146920
475931
369125
229034
352083
114386
222216
422367
287790
91221
282264
93119
286137
453719
390106
82231
247194
274847
370003
474426
253482
90735
333974
210601
45953
173491
26739
137634
448001
205508
217042
436540
180186
309421
398612
153867
464832
163572
51457
413458
175711
257416
27048
450015
265595
27388
390577
450144
470458
246039
259433
239250
83681
392951
368492
131982
372451
41782
313830
391847
53399
182257
45757
126329
308689
465343
298168
373281
413347
145643
425545
258852
499327
202897
248794
417989
160858
256945
87131
224316
293578
438660
400360
67613
434671
441808
226942
89552
371252
359016
118876
231095
335097
259030
27741
218606
286018
89170
92224
218654
250038
3492
326168
379609
307990
171341
425334
445453
157583
174586
228135
430760
377569
228110
415631
470699
29777
376017
364824
168011
236504
459415
113476
479665
76414
367895
25114
3262
413602
171915
265213
430371
208168
430983
396309
485962
242051
400108
469947
409768
15221
125829
7116
468539
210325
158434
289536
466996
83532
343520
292868
448053
235224
467411
98818
416434
414598
497574
334196
94662
26306
256676
494983
26559
321841
407933
486089
453515
318593
139812
133601
467655
150481
45356
133665
368190
133753
269347
284389
263500
234829
79120
168407
484913
28541
284652
354107
490150
433279
123611
172718
399368
228841
354831
66120
370268
81340
485928
8633
347008
65425
18311
93981
264744
144302
196065
10954
30532
392274
145174
236680
38085
484255
295541
364594
35537
241002
463150
419669
198685
61004
211955
245122
344160
399052
221306
399134
310195
415149
389417
448961
459866
239281
101534
18092
158387
286124
385786
127319
218339
134539
190244
102686
155928
337500
14370
68769
23413
380166
11903
336496
64238
181090
385957
166072
307145
224783
202855
264257
124056
437200
302841
329356
356420
235298
104120
50758
281783
462743
207855
404544
144214
481743
437994
433529
282752
389565
131943
323201
167313
329933
820
218222
463094
269898
301993
22716
39401
108886
401344
276943
311522
355478
176342
230777
179108
313977
451983
384741
275152
175594
131693
293448
31215
25868
412967
430051
160191
103403
417297
440728
89388
223335
378034
131820
153571
216665
289151
66362
475712
96565
402593
238609
406289
491181
358214
353245
51363
104539
110438
163955
284421
124541
152702
466693
2297
135559
370188
279537
444746
430043
75538
239075
423539
177295
58809
289683
277186
428244
297130
428246
428558
179182
224050
125833
247122
49558
357908
121537
498503
484359
156159
331690
451236
83831
246557
364999
416148
178046
388445
65906
358916
485607
456276
166218
25833
252166
459927
274196
309282
350883
419601
338733
265254
105181
32683
86277
411743
348992
227032
52079
337334
368897
321900
390481
151463
330461
283496
53157
449406
318017
429877
65945
25271
119414
287258
257872
397239
169910
31353
430208
54421
451492
136766
324235
147674
127261
323377
492811
398048
223914
390397
350102
383645
435518
341553
159244
40581
92256
389236
72683
66037
135700
350875
252848
353399
271970
137327
208194
414027
269640
349917
67538
401960
217013
41660
189056
397233
94955
55989
32121
420243
149765
45881
22079
435443
474430
180916
159839
170343
299907
475289
209611
495246
432485
411727
356974
375413
475988
9737
74700
267399
363721
418221
296852
238166
296537
315795
273947
201921
195080
310123
356885
270535
423964
53130
20875
483963
155961
142382
354498
186941
491654
389625
243374
279330
468455
232422
413121
32206
295622
82142
142658
334827
78618
153542
139987
87432
22969
312446
286721
459177
475441
353458
29877
104617
409160
254684
428450
152827
164864
256972
428446
468763
144127
81498
291266
499024
210008
256673
290556
289387
85793
67818
360197
404306
180097
333673
292629
175035
431336
81722
17382
60954
488868
155685
