X
66 36
89 0
21 4
28 10
79 46
86 88
66 88
70 74
14 79
5 69
88 63
33 72
63 52
66 39
3 59
6 8
2 13
15 14
5 21
19 17
6 23
16 56
14 26
20 25
23 27
20 30
18 40
31 41
41 45
39 30
42 37
55 36
48 39
51 42
15 42
45 42
20 39
39 49
6 75
20 16
52 49
27 48
33 45
24 3
7 51
8 54
14 52
19 55
25 61
39 54
29 32
49 55
67 42
28 84
30 32
24 21
62 24
71 46
20 19
67 51
65 55
27 13
49 51
75 36
48 59
43 60
44 65
1 44
9 87
4 64
52 24
30 80
9 68
9 9
35 80
65 34
10 75
5 71
28 70
34 78
11 76
26 37
24 87
6 7
26 9
17 89
62 28
10 89
9 76
8 92
15 93
53 46
23 93
39 86
60 57
46 88
62 69
49 56
63 28
75 50
70 62
73 46
87 70
50 82
61 46
1 9
3 58
49 40
10 85
56 81
29 46
5 19
47 93
15 22
11 89
30 77
62 39
5 27
1 66
37 41
61 93
24 78
3 56
36 56
30 8
68 94
81 73
91 86
9 93
22 87
69 95
30 50
98 92
4 20
33 21
37 22
43 91
95 79
22 64
98 70
65 60
39 22
26 67
28 44
70 35
95 61
39 35
18 53
22 66
57 59
32 79
93 62
16 97
89 51
81 44
37 84
43 88
80 34
48 91
51 81
23 74
95 41
97 44
8 45
27 45
26 62
39 38
71 91
7 56
38 13
18 25
26 35
10 70
3 57
95 96
9 56
55 0
81 69
89 85
38 23
82 98
13 58
83 35
60 54
62 50
23 36
3 54
12 76
27 32
48 13
45 14
77 31
1 69
13 93
83 48
55 57
94 62
68 47
47 80
59 15
83 92
64 19
68 81
57 42
53 5
65 12
98 82
64 44
27 79
81 0
65 89
0 67
20 23
96 3
46 55
12 56
30 87
71 61
33 22
78 83
42 80
12 49
76 13
80 56
50 58
64 90
83 18
82 80
83 46
53 77
22 71
84 10
17 28
19 91
53 23
50 38
36 60
84 68
10 46
91 14
87 24
98 26
74 40
68 10
35 15
2 82
43 67
8 63
32 37
21 85
69 50
15 65
50 46
49 46
75 57
80 23
94 13
14 54
51 89
73 42
3 93
23 32
37 76
37 6
93 39
28 64
23 43
55 91
26 87
70 89
17 66
24 39
43 16
49 27
83 1
51 60
20 75
29 33
50 22
81 13
68 78
60 66
15 70
55 60
53 58
17 74
87 64
3 11
55 47
46 52
42 18
85 36
77 34
66 7
89 46
26 84
33 32
4 5
5 58
82 91
94 90
45 45
10 77
82 67
66 92
27 33
30 24
40 24
39 93
53 49
55 67
35 93
30 4
38 75
14 29
59 83
59 67
31 82
58 68
0 73
48 18
73 27
0 81
19 72
76 58
76 4
88 66
12 98
73 51
93 32
83 91
44 36
30 97
70 54
66 28
51 75
97 41
77 62
88 12
27 44
21 95
5 38
90 67
76 22
8 64
45 51
42 75
55 26
2 58
14 24
48 70
15 33
3 7
5 88
85 33
80 94
74 48
78 37
24 4
36 19
18 96
16 47
31 33
93 51
9 34
42 44
27 68
12 22
15 17
4 26
63 47
12 43
6 61
48 23
8 36
44 6
17 77
21 79
1 85
81 97
58 90
64 64
19 93
79 65
23 8
26 55
10 47
42 17
25 59
71 75
34 31
15 11
11 60
11 45
8 87
80 63
58 33
7 76
27 59
67 17
32 40
45 68
49 28
85 83
77 32
78 22
44 40
97 8
44 0
80 75
89 35
66 33
60 24
61 49
71 36
49 54
85 91
16 40
50 59
85 81
39 63
43 14
3 34
38 26
25 75
97 53
42 49
72 52
54 49
73 60
65 31
87 14
92 37
41 41
17 50
29 41
26 25
79 71
98 94
55 54
91 82
88 11
98 29
79 7
37 37
83 98
78 92
91 22
18 89
58 64
76 36
18 33
83 81
42 19
0 20
27 85
73 23
78 28
80 57
87 28
85 62
69 66
27 28
38 52
11 17
16 28
13 35
66 44
75 73
50 63
8 17
9 20
52 44
86 5
98 1
76 85
65 10
97 93
87 40
40 45
10 14
33 49
76 65
26 64
70 36
6 71
60 26
89 38
48 94
35 27
22 79
70 93
38 78
43 71
7 87
47 24
10 82
58 76
67 37
75 63
10 57
85 59
89 58
15 3
67 21
78 20
98 34
16 19
24 86
77 43
98 57
35 8
86 64
35 85
56 68
54 19
52 58
31 66
76 89
26 11
0 76
89 16
23 98
67 46
96 38
77 75
20 82
74 82
64 58
66 51
32 24
X
38 48
38 11
75 92
82 82
92 42
12 64
77 29
24 74
30 85
43 50
59 86
10 18
95 25
6 20
71 13
53 47
98 33
8 42
78 87
96 24
37 61
74 97
11 68
86 63
97 62
2 61
73 24
52 82
4 17
7 83
17 92
2 65
6 44
90 50
91 23
59 47
50 56
77 83
71 50
70 81
31 23
65 43
82 39
55 24
54 71
82 34
77 2
76 14
5 65
67 38
77 80
74 18
9 44
5 84
69 96
76 41
25 89
4 19
6 13
96 9
7 5
69 51
41 59
75 1
76 80
24 18
24 71
55 29
68 77
19 51
40 35
55 41
81 54
25 4
12 40
36 58
7 77
64 25
66 19
51 24
38 16
30 36
21 77
74 43
41 21
91 0
19 70
74 27
80 28
12 39
74 56
57 12
19 64
41 18
8 32
44 46
98 62
85 31
34 48
58 46
62 61
87 95
65 81
52 48
48 76
49 88
8 85
1 60
72 65
9 69
97 83
49 58
37 53
76 86
12 0
97 87
60 68
95 57
59 63
45 22
81 11
27 29
7 20
75 43
15 25
0 14
74 34
7 41
59 74
65 30
71 29
42 13
40 57
34 46
58 62
36 15
5 8
3 88
36 70
56 65
55 87
39 92
16 89
10 26
65 96
75 44
43 13
47 54
84 56
46 56
74 94
65 73
77 70
57 41
49 61
64 24
23 83
57 26
21 52
35 95
16 11
58 61
73 85
55 76
57 94
72 37
3 51
37 11
75 54
33 94
9 59
33 15
9 98
39 2
31 17
93 12
84 94
27 27
24 73
66 9
36 93
88 13
12 94
85 54
57 40
4 4
56 4
26 89
9 40
30 17
72 25
11 82
4 84
45 39
39 33
91 84
14 65
90 25
69 97
82 33
13 92
65 91
91 68
21 10
16 42
92 73
76 12
39 39
44 35
65 44
27 3
58 72
17 78
6 46
38 60
7 97
67 32
38 30
19 77
73 1
38 35
5 12
7 40
1 23
69 26
82 26
89 96
84 74
31 97
28 9
84 3
35 41
68 70
82 50
2 50
46 50
93 29
96 76
59 35
82 88
24 28
72 60
20 59
84 77
55 43
78 55
53 52
47 98
52 65
95 12
48 53
38 14
82 52
19 46
84 59
61 57
30 1
39 58
69 93
65 7
21 45
68 52
68 41
21 16
22 41
8 98
6 65
6 1
3 5
47 27
36 38
58 79
8 68
97 71
24 56
96 42
84 19
46 91
46 53
78 58
7 90
98 88
94 31
81 79
10 9
56 89
5 45
75 0
72 57
84 12
8 88
32 85
55 22
19 88
82 8
73 21
60 22
98 15
22 40
29 44
89 93
53 96
13 83
29 84
6 36
79 79
98 22
X
66 93
23 5
18 2
98 3
59 77
7 74
77 3
40 88
62 65
44 70
68 16
59 27
5 43
91 13
63 2
75 17
75 38
25 42
73 72
9 85
74 37
92 41
38 42
49 79
71 28
55 28
2 24
72 38
28 31
75 29
78 63
38 79
41 90
85 84
19 19
5 37
26 39
74 62
66 41
88 44
61 90
67 83
12 17
77 60
94 14
46 29
15 39
82 13
91 70
25 97
57 69
82 22
2 77
33 52
16 78
26 22
12 8
22 57
66 76
71 25
64 81
42 3
16 14
29 22
10 11
33 42
97 50
65 56
87 22
43 69
35 74
9 10
83 78
92 30
58 43
86 85
21 34
76 38
84 39
93 63
7 63
57 45
50 23
30 42
62 94
8 31
96 27
98 25
5 83
26 80
41 27
37 48
45 62
48 88
13 29
51 91
32 36
14 73
41 35
8 90
16 33
17 11
56 6
10 27
83 69
1 91
26 74
50 50
35 32
3 85
66 20
7 94
83 80
26 36
39 83
24 82
48 11
47 18
41 36
82 3
68 55
57 3
61 1
50 81
78 24
4 0
52 57
40 59
85 19
29 74
9 41
61 25
83 0
8 97
23 60
18 63
58 55
6 83
45 16
53 2
8 95
76 84
84 34
18 45
22 11
59 68
1 82
9 66
71 59
13 98
79 59
4 33
81 8
48 37
34 63
3 22
22 93
35 64
81 71
30 53
45 25
52 34
0 10
67 5
84 84
57 62
40 3
38 18
8 51
81 53
81 93
70 14
64 77
14 15
40 51
90 5
2 10
80 58
47 30
76 21
6 33
30 16
35 89
14 77
17 23
31 48
2 88
9 16
64 61
98 17
8 19
54 22
30 90
80 14
40 85
11 46
12 63
33 63
51 71
28 67
86 70
30 28
27 52
95 63
1 15
35 60
93 40
33 51
41 2
84 81
18 15
83 89
X
82 83
34 13
36 66
80 4
90 1
69 70
40 36
9 18
59 46
15 0
6 69
56 98
76 90
28 3
39 14
61 55
64 91
17 24
77 93
75 94
95 30
21 8
57 76
62 64
16 74
87 74
62 15
18 51
3 1
39 88
13 53
24 45
45 48
89 37
21 66
25 18
44 67
72 45
37 79
98 32
91 56
47 10
43 49
20 17
17 35
55 31
69 30
82 81
47 14
9 32
45 56
72 31
49 89
49 49
9 58
40 22
97 12
22 81
48 40
48 93
92 34
49 30
15 86
54 10
7 35
35 59
47 43
60 1
48 47
94 57
75 31
20 1
82 23
90 95
77 9
56 49
80 26
X
3 64
X
95 88
74 49
41 60
20 38
95 42
31 45
34 47
63 48
81 74
49 65
72 58
4 80
16 2
78 16
17 25
91 21
58 59
55 62
2 52
39 66
24 70
37 1
75 55
46 94
26 43
84 8
21 9
51 49
14 71
30 23
97 36
66 54
83 13
77 33
96 78
70 5
29 55
39 70
6 32
22 31
5 60
95 54
52 3
57 10
14 97
89 75
31 67
11 27
75 60
97 7
36 80
31 80
88 34
8 44
53 79
62 79
87 16
52 59
56 25
69 5
15 48
53 6
38 93
9 37
2 29
59 91
40 75
91 94
2 69
63 70
39 50
38 63
65 95
92 69
34 68
34 34
31 38
61 16
92 81
41 50
47 9
88 0
4 13
29 19
68 51
13 64
59 17
43 7
46 71
6 87
44 71
64 48
63 36
8 21
26 47
20 34
93 42
90 18
63 27
94 58
31 42
40 86
52 38
47 66
26 10
43 35
16 21
25 76
9 97
49 90
7 96
7 54
85 39
22 43
41 40
87 31
15 24
15 57
31 79
69 54
14 2
96 20
34 43
47 79
26 23
47 53
52 7
44 13
73 75
81 70
39 23
76 34
37 91
46 37
27 67
53 21
6 97
53 19
42 88
97 40
80 25
69 73
98 45
18 29
2 81
12 18
13 4
93 23
90 66
41 8
27 69
75 56
16 90
94 39
79 62
21 13
53 53
89 77
61 2
93 36
25 50
20 4
16 22
9 45
61 37
14 27
6 2
58 86
14 35
71 71
5 68
25 92
91 52
51 2
25 58
6 47
X
4 65
59 94
66 59
97 55
73 39
69 2
13 17
26 68
44 69
5 31
85 44
88 23
63 80
4 52
93 43
56 85
44 18
86 76
48 12
55 63
80 68
59 2
24 23
5 91
63 54
46 58
71 51
24 97
44 19
64 1
23 68
78 85
72 54
95 91
12 24
92 35
15 50
55 2
39 60
38 45
75 85
42 12
90 64
90 59
29 39
34 39
19 79
78 90
84 70
63 67
62 70
9 12
54 79
56 92
42 89
92 33
20 44
58 77
0 94
59 95
75 74
69 52
20 35
1 76
79 64
11 92
94 61
87 50
56 95
58 69
27 65
91 39
23 91
8 14
83 68
14 61
11 20
43 66
33 69
55 94
20 7
25 68
80 61
28 62
85 8
82 95
26 18
0 77
89 39
87 30
16 96
24 49
33 68
68 44
34 70
69 29
6 55
36 17
48 65
50 64
25 28
27 61
75 81
97 26
35 29
41 79
7 53
9 79
28 27
16 17
20 66
69 38
10 73
7 79
57 64
70 7
27 12
62 48
22 12
0 72
97 64
7 89
9 6
78 18
30 41
66 87
2 96
62 89
46 45
72 73
43 33
59 84
58 6
53 26
85 10
94 0
11 26
65 32
32 55
72 61
84 73
96 70
86 45
11 34
92 39
49 7
56 26
37 63
9 47
3 39
12 48
13 54
65 40
11 21
4 86
37 81
48 17
84 17
61 76
91 85
58 45
59 11
74 76
X
48 49
84 50
59 89
43 55
42 23
54 45
37 45
67 80
11 67
X
78 17
12 20
40 40
64 82
15 37
57 87
68 88
96 82
43 63
32 34
60 16
73 87
75 86
20 71
94 3
72 22
40 0
37 26
70 66
32 92
15 21
46 17
98 87
47 40
68 91
73 44
26 98
45 29
52 9
6 51
39 77
73 38
96 77
8 52
88 91
65 88
67 44
21 56
82 40
89 67
15 26
7 13
19 67
27 87
73 26
30 83
10 19
60 88
71 89
84 37
42 93
9 96
56 44
75 52
45 17
81 33
45 18
28 79
69 28
29 49
15 88
5 47
15 6
52 47
60 17
32 70
63 19
58 81
82 66
47 32
28 21
79 68
91 46
8 77
46 82
10 29
35 11
97 85
88 14
54 64
77 77
36 46
50 54
56 27
57 84
67 82
72 1
96 19
X
3 29
50 5
75 77
39 72
61 9
2 27
28 46
59 39
30 69
46 48
63 61
57 83
82 32
53 78
80 29
27 9
25 52
1 10
16 29
92 59
50 8
70 49
73 80
22 2
52 41
22 63
84 25
66 75
6 9
39 84
43 93
4 48
79 60
14 25
21 97
48 73
2 72
97 10
74 38
69 44
71 72
35 51
47 46
4 82
17 70
42 58
5 22
38 50
94 22
13 76
53 38
50 70
29 3
78 19
60 55
90 42
54 13
41 14
54 78
79 39
11 62
59 90
44 8
47 51
7 38
14 16
12 92
78 36
30 93
19 60
64 93
59 80
17 22
13 55
71 54
94 10
40 10
3 6
10 65
56 23
52 61
59 93
37 65
11 16
13 94
93 57
91 27
26 54
95 44
10 60
53 42
36 28
97 51
53 85
96 13
97 27
82 94
96 91
16 0
78 1
73 94
28 76
3 70
7 36
78 81
44 87
80 71
93 7
7 46
33 37
52 96
41 81
50 80
43 11
66 2
52 22
36 14
11 74
19 35
68 62
59 25
87 51
90 12
80 67
62 27
82 10
29 52
61 61
21 11
68 12
61 78
0 21
24 33
50 60
26 52
43 87
94 76
61 28
93 20
39 37
84 22
51 59
25 48
26 40
49 45
12 53
44 49
62 73
57 29
62 76
96 75
59 82
15 20
6 72
55 53
60 36
7 33
80 59
21 7
59 22
82 70
70 48
36 55
49 8
91 60
33 60
89 45
19 12
37 82
74 88
94 28
71 38
0 58
49 11
62 16
16 91
47 88
15 89
3 83
20 94
78 13
14 83
83 83
20 92
53 22
47 48
89 13
20 79
39 73
X
52 15
77 86
45 60
48 14
89 34
54 56
23 54
8 18
90 39
14 59
71 37
X
62 91
14 74
8 34
28 17
7 19
11 43
32 42
3 69
33 46
89 8
26 26
23 55
20 43
70 47
86 33
73 9
35 86
47 96
13 11
79 16
47 50
24 46
20 29
20 53
10 94
20 63
94 35
22 55
24 80
3 19
23 73
66 6
12 59
22 72
88 18
26 60
42 25
40 79
11 94
4 24
52 8
86 59
51 47
6 24
58 2
91 41
59 57
49 80
30 91
50 4
36 91
4 11
8 65
19 33
51 18
54 73
44 20
35 94
14 57
84 57
53 7
16 16
41 6
47 16
92 31
89 70
98 38
46 43
65 59
43 29
40 47
35 69
7 29
69 61
4 66
81 95
53 14
10 40
13 12
49 94
57 88
44 15
30 79
14 80
41 12
32 39
60 81
10 8
63 18
72 10
55 33
67 79
23 61
24 17
34 86
54 92
28 48
97 90
5 53
67 88
53 20
22 33
17 64
32 59
22 46
88 32
91 57
3 96
24 58
42 56
79 23
62 71
87 82
95 10
9 77
70 6
39 27
98 46
51 29
36 61
38 80
13 95
39 56
95 38
86 87
1 87
76 16
84 95
64 78
63 93
90 33
93 28
27 11
9 43
7 1
31 34
1 47
5 14
38 62
32 54
76 72
58 84
75 16
34 19
73 82
66 94
95 85
54 37
23 31
29 80
87 15
69 1
54 26
17 49
48 55
8 83
35 75
62 56
0 13
26 5
84 6
68 84
7 49
54 2
81 57
72 7
58 31
46 34
14 3
50 74
23 17
28 73
29 83
39 26
92 54
20 20
50 85
69 92
47 19
37 85
39 28
12 67
58 11
56 78
10 44
34 55
29 57
63 84
53 62
88 49
85 34
65 9
9 15
65 76
6 45
34 76
23 20
22 20
95 76
46 1
76 77
58 9
38 20
88 92
30 81
66 32
6 28
29 89
62 60
11 70
62 57
51 80
89 86
36 65
46 12
93 89
75 59
19 34
47 23
11 40
22 32
3 24
57 11
9 64
5 13
33 25
7 61
55 73
6 64
95 1
11 41
68 92
72 69
62 29
14 86
29 5
48 63
57 72
19 76
79 82
95 87
6 79
85 66
39 18
94 36
19 7
62 78
74 61
38 51
31 75
89 81
63 72
43 39
14 78
88 70
37 17
23 22
32 80
96 21
57 24
83 19
5 26
53 57
53 91
64 11
81 90
66 71
2 92
22 34
49 44
73 31
87 45
75 34
61 71
27 40
77 65
48 35
11 85
58 67
53 72
65 58
91 74
43 32
85 17
36 7
38 32
88 80
90 77
75 53
69 81
16 27
29 24
9 78
49 92
44 79
92 23
58 23
57 63
27 23
56 3
66 96
38 27
21 93
89 65
62 62
23 79
73 18
88 6
83 82
83 85
32 88
97 63
3 89
6 59
66 90
63 37
57 28
58 3
66 89
5 66
67 87
47 38
25 31
58 56
39 19
59 81
25 72
81 94
57 46
16 5
84 87
83 5
42 92
90 30
12 4
49 33
78 2
95 33
62 67
91 58
73 36
27 70
63 11
95 13
5 67
39 15
11 19
44 62
40 14
19 65
52 4
54 16
66 43
2 47
31 87
58 37
8 70
68 50
72 76
84 92
33 86
65 33
25 88
31 1
21 35
23 12
8 10
4 58
45 35
68 87
94 19
42 6
80 96
21 46
58 95
66 63
30 66
12 33
66 23
20 83
8 75
46 61
42 1
21 43
27 89
90 24
29 72
38 19
31 40
28 86
5 11
16 18
32 14
34 0
90 69
39 78
89 80
75 75
35 56
64 10
23 42
28 32
1 56
74 95
46 20
91 95
54 29
73 52
59 65
62 37
45 12
43 31
4 87
71 81
24 40
54 72
82 12
54 32
90 71
61 8
78 30
97 70
17 9
42 79
88 54
29 10
35 58
59 61
46 32
86 29
77 64
10 39
57 68
95 24
26 86
84 72
8 27
48 95
66 30
70 64
88 3
22 74
86 77
18 3
54 91
25 25
7 88
56 39
70 41
76 17
36 48
90 16
34 59
87 36
65 75
62 11
33 48
77 4
56 0
85 11
56 38
41 11
14 72
8 4
83 4
62 6
52 30
63 15
12 55
64 2
19 90
80 11
X
44 47
25 98
78 23
47 33
76 49
48 82
70 38
2 76
9 57
19 81
62 36
13 8
66 45
37 90
49 71
74 77
98 49
4 40
52 63
18 68
32 87
52 80
55 38
2 56
42 83
69 7
47 62
78 91
22 5
57 77
36 37
59 70
96 94
10 74
43 57
2 60
54 51
56 62
86 20
9 8
51 20
69 31
13 73
64 76
70 59
24 32
66 95
71 10
48 67
3 28
68 28
68 37
37 64
72 36
98 85
33 81
16 61
42 45
66 50
62 12
66 24
55 20
24 92
70 42
12 83
73 96
24 13
18 92
52 40
23 82
41 70
55 84
89 49
96 30
70 12
96 85
79 83
30 78
24 11
35 31
48 54
83 59
86 46
79 13
47 81
65 98
45 81
87 92
87 23
23 29
29 8
49 18
74 7
30 84
55 59
13 34
73 54
87 96
7 12
94 2
56 15
2 51
10 61
51 8
76 62
87 8
30 82
97 23
80 78
51 27
93 2
3 63
37 33
8 82
29 40
78 38
98 24
28 66
38 28
61 56
75 64
94 32
50 29
35 84
15 82
22 47
50 33
81 29
10 16
95 11
83 8
82 84
91 25
49 37
24 76
14 82
44 81
47 22
29 78
98 16
64 71
21 40
96 55
24 20
33 19
68 32
80 24
48 3
53 95
86 31
95 80
10 90
49 21
38 7
62 92
42 21
39 79
37 50
81 30
98 39
96 1
62 8
16 26
46 10
53 92
17 26
65 28
86 10
76 42
28 68
19 24
80 91
35 88
77 61
77 16
91 69
50 47
9 39
38 81
24 19
80 60
65 51
33 78
56 24
50 28
58 94
51 54
80 70
19 56
36 0
72 85
77 48
24 60
15 19
54 23
90 97
33 70
5 18
44 29
4 7
84 83
5 5
88 89
85 79
11 58
42 20
18 60
18 55
63 10
68 11
79 81
61 59
19 68
13 47
83 16
84 4
63 24
53 60
57 32
15 75
23 26
50 21
95 3
11 64
29 71
70 91
68 25
13 20
73 71
14 84
6 76
68 93
65 94
13 19
96 47
79 49
32 97
22 23
70 67
18 44
26 48
58 83
10 22
97 2
74 74
71 97
53 11
47 97
6 49
5 34
88 65
72 50
82 56
73 81
30 31
96 96
11 12
90 23
74 55
25 37
38 67
48 66
58 41
49 66
96 15
64 17
74 2
42 43
97 25
44 56
41 66
42 87
58 39
50 68
67 43
60 37
9 48
75 79
11 53
5 15
58 25
23 34
30 52
85 32
29 25
78 29
41 89
49 3
14 91
74 84
50 65
11 24
49 13
68 56
69 94
21 33
60 2
3 94
73 55
60 27
85 63
44 76
56 88
25 67
15 68
65 70
45 1
52 25
93 64
40 13
17 42
44 41
92 16
44 91
5 70
65 57
46 15
77 41
60 62
35 37
14 33
89 33
39 96
34 85
52 45
79 0
20 95
29 34
0 60
36 89
29 82
71 47
58 18
75 8
74 20
53 16
97 32
69 41
49 97
25 27
97 95
34 45
88 64
20 3
61 64
29 30
28 47
32 74
42 77
X
5 85
69 79
48 48
42 68
83 96
89 84
43 92
96 69
37 55
76 67
22 76
53 44
90 38
18 10
2 35
25 35
8 16
14 39
95 9
70 50
38 83
81 26
2 64
36 76
25 90
74 75
47 21
81 17
61 23
98 93
74 98
82 78
18 14
44 59
75 61
3 82
70 92
94 73
2 68
58 15
23 56
32 60
7 50
63 83
87 90
94 7
49 4
53 27
40 32
3 40
32 28
37 21
64 98
4 9
55 12
2 14
16 95
67 98
X
53 81
43 73
37 60
73 97
43 77
48 41
84 66
17 88
5 28
21 41
15 80
26 82
4 32
23 11
37 44
62 10
22 60
14 56
20 45
16 71
47 47
36 33
19 75
86 65
36 57
36 16
45 90
31 74
70 13
6 19
91 5
82 17
24 50
77 68
35 22
48 64
72 87
73 79
30 56
86 44
28 40
73 61
4 90
98 89
12 88
40 2
10 15
42 96
29 0
15 51
37 28
50 19
45 15
40 84
29 48
71 33
26 69
75 76
51 79
31 16
69 6
4 67
89 20
37 15
9 46
25 54
16 79
16 12
96 41
32 78
67 16
38 86
29 77
51 52
13 25
92 5
7 72
77 88
98 44
12 37
81 20
58 75
1 92
12 62
66 70
60 92
92 4
46 38
16 1
4 78
35 48
72 13
98 12
37 52
38 49
97 47
71 12
47 57
68 75
0 55
29 26
44 27
73 30
67 89
65 23
79 70
74 73
4 93
54 57
55 27
35 42
77 30
45 78
12 28
44 21
42 48
94 81
50 42
45 89
77 10
41 85
24 48
48 32
55 11
69 65
90 55
96 23
68 79
24 31
8 72
63 6
8 38
20 78
76 35
50 90
23 53
34 92
40 95
13 28
3 66
46 63
60 80
11 25
18 80
55 80
85 64
7 22
58 65
16 24
83 7
73 4
31 22
6 50
71 92
59 3
84 7
51 19
21 70
71 2
53 87
61 52
62 81
84 13
21 65
7 32
90 85
1 14
60 35
60 75
11 71
12 71
78 47
62 23
81 14
65 74
20 76
51 40
63 40
82 38
6 54
53 25
85 98
92 14
95 95
98 10
92 93
45 7
50 89
69 24
46 78
83 23
96 63
27 10
61 91
17 48
2 94
47 37
11 49
32 86
26 33
56 48
X
31 89
45 44
77 15
16 15
89 74
62 66
25 93
20 96
64 86
43 84
65 39
23 64
3 77
13 49
79 1
41 9
61 88
64 66
12 27
5 30
97 82
58 97
11 39
87 91
85 76
30 60
9 33
58 10
26 81
50 2
50 87
71 94
30 55
66 98
9 19
75 82
23 39
72 33
57 65
85 65
53 13
23 13
98 13
39 52
56 53
1 43
10 42
41 20
96 84
22 58
51 78
5 7
2 11
93 77
81 55
81 56
96 54
0 64
18 88
25 20
68 95
80 20
77 72
2 97
11 28
40 15
77 59
11 75
10 69
47 41
72 74
30 74
55 1
97 84
31 29
28 53
1 63
74 19
41 74
98 9
17 90
15 90
60 59
13 21
15 54
93 73
32 65
16 53
50 61
66 22
1 61
57 14
49 82
73 74
43 19
66 29
84 35
60 61
7 55
44 39
77 66
69 40
11 37
39 36
23 77
26 32
85 42
67 93
41 96
8 20
25 85
46 3
48 81
42 59
50 49
2 38
16 77
43 2
69 4
20 57
15 4
73 14
74 4
8 78
54 24
44 28
26 20
94 24
52 90
50 66
32 91
47 39
79 24
37 89
42 2
55 14
93 38
50 91
48 57
74 63
53 24
72 12
X
65 52
31 63
21 91
7 95
71 80
32 47
94 54
75 45
7 98
94 25
7 28
97 72
22 39
17 73
16 13
83 65
98 47
82 65
4 1
40 42
5 64
86 9
91 96
27 66
6 35
59 55
93 14
1 12
95 45
73 29
22 70
96 51
80 12
20 9
48 71
87 12
85 23
85 18
44 97
25 62
71 65
7 9
3 45
67 61
84 33
50 24
17 8
47 73
54 97
87 17
47 77
85 37
74 31
9 51
7 91
74 1
51 62
57 43
2 83
45 61
92 21
6 39
50 41
81 1
16 57
76 2
60 23
6 5
43 21
31 90
93 11
50 45
92 89
5 95
89 91
9 2
46 93
57 47
7 81
57 57
68 30
72 68
97 45
52 75
92 6
48 86
15 74
23 94
40 89
73 93
83 49
45 93
82 42
52 5
69 67
14 96
87 18
45 85
42 84
93 66
7 37
82 15
38 70
12 21
49 22
37 47
87 53
73 19
38 55
87 93
43 47
34 35
82 89
73 20
3 81
55 23
76 88
8 8
75 37
42 67
14 53
6 67
17 51
79 33
60 69
28 51
95 26
24 24
29 21
89 41
79 2
74 45
18 41
34 33
92 19
60 90
28 61
57 20
59 29
4 47
97 96
24 69
71 42
21 22
2 45
24 90
53 97
41 87
76 40
51 85
11 90
87 81
19 6
95 56
56 61
86 36
37 34
37 12
92 62
23 78
20 8
56 73
52 29
29 45
2 66
53 89
9 91
91 40
73 56
35 0
96 44
74 23
48 87
91 91
81 24
12 87
97 79
71 60
66 31
0 51
62 80
7 30
13 78
14 47
59 60
73 63
21 98
5 35
93 54
56 51
94 60
43 34
74 32
44 14
83 87
49 50
70 30
82 79
41 56
79 57
23 28
34 28
74 24
76 54
23 95
90 21
21 55
78 50
24 54
59 18
6 96
88 33
41 44
46 35
85 82
83 93
35 50
88 96
22 75
56 1
45 52
90 53
56 63
78 71
37 62
9 81
60 89
11 55
76 51
80 0
80 33
49 67
30 34
89 69
63 53
63 12
82 77
23 76
26 49
91 93
95 31
33 75
79 29
46 14
54 60
34 56
53 37
93 90
3 49
42 9
27 7
34 60
93 5
24 30
5 0
95 90
11 47
49 70
22 67
30 18
10 87
13 13
49 23
45 76
21 15
36 83
25 81
5 63
20 10
9 71
96 2
43 96
45 54
41 37
4 77
49 41
74 6
31 98
71 48
26 53
28 81
81 6
75 32
47 69
34 20
21 24
74 41
21 76
75 13
25 87
94 23
12 38
62 74
42 47
65 61
34 18
55 93
91 73
66 5
43 74
33 85
57 4
34 69
9 83
14 76
32 21
43 36
89 31
7 21
14 70
79 92
77 28
39 9
59 88
51 17
89 25
16 98
14 75
41 39
5 3
96 25
73 5
51 63
9 49
97 48
8 67
8 94
15 58
8 48
87 41
86 86
92 7
25 11
91 71
30 47
27 81
1 24
70 70
96 64
93 71
21 59
65 29
41 24
82 92
13 62
37 70
91 37
10 23
27 15
76 64
57 38
33 43
10 72
71 44
57 37
48 6
41 3
81 50
70 52
57 25
62 30
65 53
88 22
53 1
43 90
76 56
55 4
38 65
49 15
4 88
37 46
40 69
46 89
12 70
96 33
85 74
83 57
57 2
49 76
29 79
24 57
6 80
4 81
32 33
35 82
X
66 53
8 13
71 74
96 53
8 25
49 74
12 35
86 2
68 26
3 60
6 14
37 43
10 64
10 25
25 5
84 2
89 54
81 16
69 71
15 69
48 15
36 82
91 55
36 92
16 84
90 15
25 7
12 68
92 95
23 1
81 80
89 32
37 32
15 94
6 27
55 86
38 36
95 23
98 66
93 94
78 44
26 24
24 68
83 14
23 4
69 46
34 25
79 34
51 21
83 10
92 40
33 23
44 9
32 77
38 12
70 55
10 2
93 83
49 75
97 38
73 89
23 97
84 40
13 60
90 45
74 91
51 72
76 43
24 25
4 28
3 91
96 56
47 17
94 29
96 0
90 52
91 24
46 92
31 0
86 98
25 22
44 10
23 44
12 95
38 71
22 85
35 21
20 67
64 95
2 57
81 84
66 57
42 85
57 5
45 53
68 63
72 8
1 67
64 28
22 29
2 87
34 82
83 84
7 66
42 14
29 73
34 77
63 17
X
55 77
11 14
25 45
27 31
32 64
57 6
31 69
10 34
31 20
61 81
29 23
X
68 4
67 53
3 76
91 50
97 80
84 61
69 64
33 71
3 67
65 66
14 14
13 18
78 61
37 29
35 14
70 71
41 83
82 53
16 68
98 61
32 63
12 23
12 79
81 22
51 57
43 23
56 41
54 52
67 95
56 47
56 71
23 80
54 88
33 89
55 7
3 68
80 76
59 23
32 13
68 43
15 55
36 69
47 34
78 86
84 47
8 71
61 35
9 14
76 79
62 59
57 85
88 45
12 61
1 88
47 49
52 2
3 50
2 53
82 1
64 47
4 10
84 98
4 96
22 21
51 69
70 3
7 70
75 6
12 9
25 55
19 11
9 17
65 64
53 64
63 65
82 14
22 8
65 84
47 71
29 85
4 55
21 39
83 60
35 36
97 3
71 0
24 83
37 23
41 63
14 94
17 68
81 31
9 82
4 21
7 75
10 41
34 71
85 78
22 92
69 36
61 75
75 70
38 56
92 2
83 50
95 27
41 82
88 27
39 64
54 85
55 52
90 68
75 40
32 18
45 83
98 0
68 38
85 77
48 79
35 25
X
38 85
56 28
74 35
92 96
21 73
34 50
37 59
55 45
2 48
56 79
72 59
18 95
83 77
61 84
8 15
74 46
34 14
57 56
48 72
6 15
60 48
54 74
81 9
12 11
69 60
33 91
15 66
40 76
67 48
74 72
21 38
22 62
53 51
40 48
3 38
90 94
34 64
27 43
3 33
22 10
65 80
8 43
75 80
17 65
73 7
24 34
39 29
16 51
30 20
16 4
56 5
33 24
50 34
39 71
98 11
57 86
58 66
59 75
24 72
1 77
74 83
32 15
84 16
80 88
10 12
36 43
76 61
19 44
69 3
48 28
32 82
93 72
97 4
37 27
14 34
8 81
4 41
82 51
49 77
92 68
95 71
91 67
46 49
89 68
97 19
89 94
30 94
54 84
51 38
45 28
47 92
92 38
29 67
46 66
95 53
3 18
66 21
52 16
93 37
91 65
22 98
2 23
81 49
17 69
96 22
22 59
10 63
69 74
7 65
53 69
12 93
50 17
78 93
62 72
39 67
29 20
96 10
20 15
17 18
54 80
37 35
79 69
42 62
49 59
63 16
31 21
81 78
96 86
82 54
17 13
85 6
72 64
29 98
20 11
18 0
40 96
6 74
3 35
60 73
40 39
38 94
51 76
79 86
55 21
18 12
60 67
93 24
20 81
49 36
2 34
49 91
22 6
24 9
36 41
15 49
0 11
57 31
41 43
49 69
59 41
12 13
72 94
25 17
67 54
71 76
80 87
46 65
74 10
45 86
78 56
39 34
39 74
43 5
26 7
60 40
22 77
78 88
12 75
88 17
51 77
84 63
35 65
14 60
78 3
34 36
70 28
77 73
50 86
20 22
21 74
88 78
82 75
26 34
7 14
33 33
51 70
63 44
90 86
11 73
13 24
24 29
10 98
58 63
44 30
18 98
29 9
48 34
49 39
56 60
47 91
37 58
3 25
78 21
98 4
64 43
66 73
82 35
70 61
24 42
58 24
28 29
85 85
35 66
76 75
12 69
43 56
34 52
85 38
37 13
18 8
43 61
60 77
63 71
95 2
87 78
44 88
15 59
32 1
54 59
95 89
65 47
91 75
10 36
40 68
78 45
30 10
63 66
54 50
9 92
35 24
59 37
95 82
71 79
24 52
94 15
13 91
44 1
68 31
24 35
10 33
15 13
34 32
60 76
50 43
87 42
53 76
77 12
66 48
65 19
98 64
55 40
42 57
95 83
14 36
17 10
38 90
51 61
27 42
96 46
15 9
63 23
90 20
92 64
51 92
86 38
X
93 16
37 83
37 7
43 95
77 81
89 1
63 31
82 55
36 27
45 92
40 11
87 33
56 10
12 42
32 35
86 24
43 68
21 14
27 80
86 74
17 59
18 73
64 57
31 3
5 96
61 27
91 42
81 34
2 67
79 90
27 1
43 64
49 63
86 79
18 11
44 66
19 53
17 19
78 34
18 52
25 40
77 90
78 54
44 75
27 22
30 51
4 39
94 30
96 65
42 60
94 68
17 33
46 36
66 4
29 35
35 33
94 45
49 24
73 33
72 9
87 29
81 3
75 48
20 40
59 26
4 59
22 96
59 33
64 80
60 28
80 36
43 10
55 71
59 56
16 3
74 59
85 67
50 35
76 91
0 53
78 95
27 47
78 80
18 82
91 6
92 57
74 25
6 56
24 12
90 61
80 90
77 37
6 78
76 94
70 24
35 40
29 43
63 26
89 63
13 46
13 96
16 6
1 53
69 58
75 89
0 82
77 20
27 2
35 79
65 38
10 3
5 17
13 85
73 70
82 97
93 76
83 22
73 22
76 92
37 20
66 81
41 62
25 43
60 33
15 87
45 27
17 58
0 86
67 96
33 93
12 82
55 48
28 26
87 87
65 86
46 80
3 87
26 66
5 41
42 16
67 10
8 22
40 20
72 32
46 77
80 64
19 54
13 41
63 3
47 15
42 39
79 31
26 6
19 43
43 58
47 31
21 82
68 82
63 42
19 25
77 79
32 90
79 67
43 76
29 18
31 50
4 22
57 53
83 74
73 8
32 32
15 16
49 87
72 19
27 20
80 86
46 40
54 96
30 14
51 55
11 1
65 71
62 49
26 77
84 14
2 55
15 56
41 47
7 3
36 11
66 61
23 70
51 90
92 82
79 19
85 56
24 37
45 8
13 27
3 95
70 26
91 15
78 78
20 97
81 45
39 25
79 40
1 0
40 74
28 13
8 74
9 11
56 32
71 26
30 45
15 63
89 15
95 43
6 41
80 55
79 9
61 67
57 7
48 29
77 50
10 92
34 11
78 84
15 2
11 9
10 20
98 30
24 88
86 22
86 21
18 54
22 54
21 23
66 3
45 55
9 42
85 86
16 7
94 69
61 94
80 49
47 72
38 64
7 60
35 70
19 9
49 73
97 9
7 59
1 30
67 59
31 6
15 15
60 41
4 12
39 59
7 39
93 56
70 58
89 28
92 74
59 45
69 35
12 30
91 45
34 58
88 57
36 21
91 36
78 46
73 58
71 96
90 84
2 32
72 93
80 31
88 68
4 89
1 95
67 47
75 65
52 19
28 23
37 95
81 23
44 93
75 9
40 34
6 38
10 24
12 78
91 7
96 62
77 52
9 95
23 15
88 35
95 49
96 50
78 11
94 89
37 80
18 20
67 75
14 63
59 7
81 7
65 92
2 73
92 86
35 38
95 81
24 77
41 73
53 66
22 78
6 29
22 91
93 35
81 77
10 83
34 49
19 22
22 53
34 67
37 30
X
34 22
2 26
63 57
17 1
23 40
32 29
6 3
12 58
36 64
7 64
88 88
26 97
11 98
7 78
9 26
51 56
80 46
66 74
61 66
58 78
15 47
59 54
44 89
82 96
28 28
4 16
13 39
80 79
87 5
26 79
32 16
15 61
7 58
18 90
4 31
43 30
61 24
14 17
35 78
59 79
19 13
64 75
46 79
98 40
4 34
55 72
36 26
61 11
91 54
20 80
48 30
49 29
91 72
9 50
47 82
93 67
47 78
53 29
26 46
72 4
98 35
25 34
34 37
23 52
1 13
38 91
76 76
72 70
0 66
47 87
54 46
69 9
59 69
37 57
14 11
14 12
2 28
86 94
71 27
98 91
87 34
74 0
43 81
67 62
44 80
77 98
15 5
83 9
21 31
53 41
25 77
41 42
46 11
69 91
79 55
92 51
4 15
13 36
2 70
18 58
90 75
81 21
17 55
90 32
56 72
4 37
12 97
30 19
71 56
3 15
92 94
88 84
10 86
13 81
33 31
3 23
45 71
87 1
4 44
88 26
13 63
38 84
64 84
93 80
33 14
63 49
94 16
3 55
50 39
3 9
76 18
51 65
1 57
26 59
47 56
27 5
49 38
18 79
23 6
67 71
15 98
58 47
77 71
52 77
78 68
48 96
18 34
54 47
28 22
8 26
71 49
84 38
42 76
62 31
94 64
13 7
89 43
76 44
42 66
15 78
61 63
28 30
23 41
63 8
88 87
74 3
76 50
34 21
8 5
41 5
91 38
96 68
35 17
47 20
57 74
98 84
70 60
59 53
5 39
8 7
74 51
19 16
33 29
35 28
48 44
0 63
4 30
37 98
90 54
5 9
71 53
79 89
53 93
84 82
32 49
91 33
11 15
5 1
97 58
46 9
19 95
26 91
38 6
9 90
63 43
82 69
77 49
17 56
0 12
48 89
46 4
2 46
44 83
54 36
76 55
29 28
57 55
25 60
13 9
98 43
50 6
70 22
76 15
65 83
43 79
8 46
10 48
69 48
63 85
90 74
21 47
58 96
52 20
30 40
95 46
49 78
53 3
61 40
98 2
40 67
46 62
41 23
5 32
84 20
54 6
48 22
65 11
92 60
37 18
48 75
4 63
96 14
38 43
17 93
84 52
53 82
15 12
94 78
49 42
33 27
32 48
22 56
65 4
61 72
56 56
6 4
38 47
28 85
35 45
56 91
38 76
94 5
32 20
92 55
95 48
29 36
90 56
72 2
88 25
65 87
1 90
4 54
55 39
15 38
0 87
30 5
51 58
50 77
32 67
70 21
54 54
81 2
92 27
86 35
4 56
11 57
35 73
87 86
73 37
52 92
29 47
16 69
80 95
53 43
84 85
28 77
25 39
30 22
26 70
88 67
7 16
40 56
15 62
48 20
18 22
6 81
54 95
80 9
71 30
62 41
27 53
83 90
67 4
22 18
58 92
1 81
37 19
86 19
65 46
15 8
X
87 98
26 90
8 2
45 77
11 30
92 15
95 98
22 68
11 97
23 58
30 21
85 22
93 30
43 20
31 47
38 61
43 82
61 15
90 40
72 86
4 38
0 97
90 91
11 36
63 9
94 72
73 0
80 85
82 58
63 86
54 20
19 89
86 40
36 32
97 46
13 71
7 25
5 50
61 73
5 2
33 65
54 42
48 62
26 4
32 89
96 71
64 3
38 59
72 55
28 8
11 29
89 71
12 44
34 81
23 59
36 71
13 45
35 18
16 48
98 74
93 68
75 78
87 9
14 90
12 91
65 37
45 80
60 91
8 84
81 91
12 96
50 27
53 68
14 68
16 41
1 58
74 57
4 97
71 35
33 55
81 58
55 92
77 14
77 36
72 40
10 45
7 48
84 21
88 43
4 70
87 54
91 18
23 3
31 81
67 30
19 82
44 57
19 18
83 79
77 35
85 53
7 11
25 26
54 5
5 94
19 10
71 9
38 25
44 7
41 65
47 1
74 50
63 30
73 3
54 14
55 50
67 25
42 70
14 50
56 8
65 82
8 6
69 23
16 49
97 33
8 28
80 44
84 76
91 30
82 5
33 82
25 80
32 17
96 80
36 74
2 30
41 95
82 21
93 53
53 90
81 88
64 37
48 97
40 5
68 29
41 22
13 48
4 95
86 43
45 91
64 62
24 27
96 29
41 58
64 56
45 33
12 12
7 18
70 9
25 21
83 64
95 0
40 19
49 19
17 41
95 55
26 13
52 76
32 51
54 53
44 77
15 7
51 22
89 36
40 44
30 89
13 56
88 77
31 36
87 19
33 20
22 19
44 95
55 25
78 59
50 75
50 53
25 33
3 26
36 24
1 65
29 66
39 0
95 15
87 11
94 56
56 84
72 34
98 95
63 56
1 98
94 91
45 63
64 89
41 77
56 55
5 93
37 68
34 40
50 20
17 3
83 28
60 72
16 93
36 40
76 19
2 98
11 66
11 88
41 19
20 77
70 65
54 89
65 41
58 98
16 35
49 53
4 72
45 5
48 69
41 49
19 45
29 91
44 22
76 81
58 71
50 12
79 36
91 59
11 48
38 95
70 23
67 9
97 22
61 60
45 67
68 40
70 90
48 2
56 59
54 39
6 58
34 89
69 25
16 88
32 19
81 68
18 9
35 68
75 71
84 88
80 89
21 42
58 40
7 93
23 21
41 94
30 29
77 40
86 32
54 75
94 33
42 86
70 68
28 33
8 29
63 92
73 76
66 60
83 32
72 71
63 98
16 8
63 46
39 80
87 83
2 91
41 13
20 93
22 14
5 29
40 6
94 12
14 28
32 93
77 38
50 13
19 23
53 15
94 94
71 90
25 29
5 16
84 62
89 66
30 35
35 23
89 52
70 72
30 57
1 51
36 81
51 5
58 60
21 67
96 92
65 18
79 85
72 29
92 43
83 3
40 73
39 20
28 12
57 52
19 5
16 60
48 7
60 70
81 75
71 43
50 52
61 38
37 14
68 76
90 43
89 12
76 60
74 71
48 27
4 83
91 1
69 78
3 16
91 77
14 38
44 11
62 17
80 21
97 56
77 53
86 55
40 18
64 60
35 67
73 50
45 34
62 55
69 21
46 8
73 83
92 67
44 33
70 29
48 92
36 25
25 82
71 24
82 7
96 39
86 82
52 46
70 27
18 17
0 46
96 90
97 15
0 45
95 94
21 3
44 26
89 40
89 82
85 5
42 15
84 18
96 40
85 92
75 10
88 86
94 63
68 23
49 5
77 85
1 70
11 83
88 51
31 68
10 56
40 49
60 63
40 52
56 12
60 78
17 80
74 86
32 45
71 57
12 34
16 54
23 38
41 15
71 64
38 96
93 3
43 9
93 21
62 26
80 10
19 58
23 84
64 12
42 94
39 43
1 29
66 84
12 90
12 47
41 17
38 41
28 2
91 12
69 37
49 86
94 82
19 83
72 3
54 0
37 67
3 72
39 91
56 80
12 84
20 74
80 82
44 68
X
19 40
57 98
67 73
85 75
45 98
9 70
72 42
74 33
60 84
38 89
39 1
5 59
49 93
84 36
27 62
63 91
11 87
57 61
52 39
31 46
28 69
63 1
69 80
70 63
77 78
12 45
64 9
78 52
61 74
4 43
7 85
24 41
26 15
44 16
18 56
54 7
72 75
56 45
53 50
37 97
75 49
66 65
47 89
66 25
82 0
2 12
58 42
79 21
51 39
16 73
41 69
61 62
16 10
85 73
93 93
82 46
92 36
90 37
30 9
18 21
51 10
72 27
39 76
82 47
98 80
79 3
68 49
5 82
40 90
54 12
95 6
22 22
7 27
50 11
4 85
81 89
35 87
52 98
40 7
20 65
96 74
21 64
33 13
80 2
11 13
4 23
52 42
34 7
48 80
63 81
7 67
50 88
15 92
45 88
60 18
6 88
17 15
42 82
57 82
36 47
66 56
44 32
49 64
40 55
79 38
82 85
7 8
43 72
46 19
54 4
74 17
39 87
86 23
22 9
54 40
8 86
41 54
82 76
47 12
40 17
95 5
66 10
75 7
18 16
44 92
52 53
49 17
74 81
2 63
51 73
41 26
6 34
77 76
66 86
43 89
55 6
67 52
9 38
83 66
33 28
47 55
73 45
53 0
5 42
X
86 52
10 62
32 81
69 82
77 44
20 21
66 72
12 65
79 78
21 60
31 35
55 78
X
29 96
26 38
23 50
89 90
58 53
59 78
70 43
94 11
54 17
43 18
32 25
87 37
58 91
41 86
42 65
28 43
90 22
30 68
46 28
75 28
45 59
84 32
3 53
68 90
41 46
X
13 84
72 28
28 25
13 38
95 36
57 67
43 17
60 0
89 83
12 14
50 69
40 87
55 55
44 34
68 21
75 98
21 1
70 57
21 62
56 46
43 22
39 75
79 45
6 16
78 96
71 55
73 49
44 61
72 21
47 65
5 4
45 13
33 39
22 73
46 46
19 74
79 41
49 16
75 58
74 16
81 19
13 82
43 86
60 64
69 47
79 50
61 70
73 10
91 66
37 73
57 21
93 41
31 28
61 41
79 72
79 58
65 93
43 80
48 8
50 96
12 77
18 74
33 92
49 20
96 37
95 92
16 65
21 78
45 19
8 39
37 93
78 70
38 46
6 30
39 5
44 31
89 64
21 71
11 93
47 13
63 58
6 25
69 17
5 49
19 96
51 7
23 24
21 58
15 35
0 70
8 79
93 81
17 75
93 59
78 89
79 95
84 29
18 78
24 85
80 69
84 24
27 75
45 30
19 21
58 34
57 9
17 72
50 78
80 77
2 89
70 73
57 44
87 71
63 64
68 61
57 95
43 83
98 8
30 33
28 1
48 38
13 22
27 86
57 71
88 16
39 10
72 20
53 54
45 20
95 69
97 0
18 97
6 93
67 50
35 72
30 2
25 69
93 88
87 55
53 83
84 69
76 30
6 53
82 68
62 7
12 73
32 0
76 83
6 10
57 54
12 19
22 94
83 75
48 24
4 74
84 67
30 44
71 63
38 29
97 69
10 58
42 81
63 78
5 6
74 93
41 1
37 94
14 4
3 31
73 2
57 22
88 56
27 4
82 87
55 44
94 34
14 20
73 17
47 76
82 6
X
83 21
83 25
32 62
14 93
0 22
74 79
65 72
48 90
79 12
98 67
39 85
4 60
93 79
50 51
28 59
16 52
17 12
26 29
12 2
87 77
54 27
89 44
77 22
3 17
74 30
22 80
49 2
2 9
68 54
39 16
93 4
59 24
98 42
74 80
18 13
51 96
97 13
68 53
95 37
27 73
90 72
75 88
38 87
24 22
87 6
47 58
34 38
26 44
66 18
1 93
80 7
86 80
59 28
72 44
95 68
14 10
36 29
82 9
88 71
21 25
98 79
0 47
55 49
44 63
10 13
97 54
95 62
7 68
6 70
44 24
73 32
X
0 57
84 86
78 64
84 89
83 39
40 83
10 97
96 31
51 95
6 52
66 52
18 64
44 78
3 71
76 73
90 34
79 63
31 60
6 66
14 95
25 19
78 8
36 95
70 98
85 13
72 24
8 23
7 26
75 24
50 18
40 38
79 56
9 65
3 80
43 65
48 16
96 95
26 50
14 13
3 10
49 60
49 72
32 75
64 26
76 20
40 46
57 79
48 19
33 36
59 16
4 25
59 52
14 87
39 6
81 60
72 46
82 16
6 95
75 35
50 92
48 21
46 51
78 4
45 32
77 54
38 8
93 31
87 88
25 56
21 30
23 18
57 27
49 85
21 53
96 28
9 94
42 11
23 33
52 89
92 66
37 0
14 81
66 85
50 30
50 3
79 17
7 82
87 63
59 6
32 66
28 7
25 91
47 85
63 82
75 25
66 47
54 11
97 81
49 47
97 21
37 51
23 71
45 50
68 48
72 35
89 76
71 31
88 81
52 95
53 48
13 50
11 65
44 84
41 68
71 14
79 22
87 79
18 93
60 60
32 46
71 8
35 91
51 23
37 78
25 66
66 27
23 23
91 19
38 82
78 75
69 57
87 13
28 60
46 31
95 29
66 26
14 8
53 86
49 52
39 89
14 92
36 22
35 76
18 1
43 15
54 31
43 85
68 3
8 35
65 54
67 76
11 18
28 18
27 30
45 58
44 53
56 54
89 55
73 98
36 31
26 85
73 53
10 43
37 86
19 78
73 62
75 23
81 67
47 8
50 55
3 84
12 72
96 72
56 43
51 43
7 52
84 28
63 55
81 98
28 14
26 8
6 6
52 50
46 59
85 72
64 40
62 75
19 20
67 23
80 97
77 87
24 93
98 41
37 31
1 55
46 75
27 57
97 86
50 71
22 45
35 13
48 36
65 42
87 2
93 34
98 14
35 43
10 1
94 21
33 74
8 56
47 35
8 80
57 75
7 6
52 23
72 0
45 36
46 41
39 95
9 35
24 67
62 40
17 27
16 70
89 57
17 2
89 26
12 41
27 8
91 62
98 81
56 58
89 97
12 16
64 39
89 22
77 92
92 13
36 68
81 46
16 50
85 30
97 91
67 7
72 26
81 47
85 43
52 85
33 67
55 34
89 98
14 37
48 33
6 89
63 29
47 42
70 37
89 50
92 20
21 68
84 9
74 70
23 81
87 57
78 60
9 80
43 3
49 62
61 83
66 46
44 94
35 83
60 25
69 59
28 5
62 90
8 3
59 87
79 94
81 87
66 62
32 6
88 93
95 4
52 33
78 9
23 96
40 78
28 75
23 30
4 6
67 72
72 53
33 88
34 15
38 92
3 74
15 28
86 15
70 83
59 62
19 14
56 11
35 20
17 57
59 72
43 70
39 32
49 81
5 86
64 46
42 22
8 76
31 56
82 2
66 82
85 50
40 33
3 92
52 81
10 10
48 46
32 50
57 81
36 23
88 90
71 58
5 40
56 67
1 18
51 3
64 7
68 71
67 40
69 89
73 78
1 96
83 29
17 81
20 60
91 53
14 21
38 57
23 25
49 68
20 46
87 76
80 3
45 94
27 76
16 76
74 54
94 6
83 34
72 67
84 75
48 78
98 7
75 93
54 28
88 8
11 35
87 4
43 25
72 88
45 87
12 89
24 38
36 20
2 19
88 24
22 17
47 61
36 67
72 48
7 84
31 19
13 44
69 62
98 18
22 38
14 85
44 5
89 23
44 38
94 80
61 69
69 49
67 91
34 62
29 2
45 49
68 39
64 42
80 5
72 51
12 60
30 46
34 57
3 97
92 28
57 96
83 12
30 48
12 54
82 90
43 24
97 65
34 80
29 6
64 38
86 13
53 56
83 62
89 56
50 76
67 3
79 96
90 92
73 34
47 86
25 78
95 75
10 91
33 34
66 91
88 58
81 18
4 2
97 66
94 4
38 22
73 57
90 62
29 31
51 33
72 49
18 6
61 0
18 81
54 25
15 79
15 97
66 42
52 72
50 57
11 63
76 29
X
59 59
47 67
60 47
89 5
46 44
24 55
15 18
X
85 55
76 63
7 92
70 96
9 21
84 5
95 93
44 82
32 22
26 45
80 48
68 96
27 46
41 78
91 35
11 11
33 47
19 52
83 63
33 7
23 65
4 42
54 61
82 18
1 45
74 36
35 77
90 57
10 55
16 66
5 78
64 65
85 29
6 82
19 69
90 14
85 70
85 68
56 36
82 24
92 88
3 73
53 75
81 12
33 35
12 36
45 79
47 95
88 95
55 16
79 11
81 28
86 78
95 86
68 22
70 82
85 41
88 94
43 38
89 42
64 63
39 62
20 54
45 41
25 83
52 10
82 19
42 90
30 25
79 93
52 62
55 13
7 86
46 81
87 94
77 58
55 56
34 79
76 0
52 64
41 7
54 62
32 94
51 35
6 68
83 56
67 58
0 56
4 27
0 48
53 63
33 59
9 54
94 38
17 4
17 97
12 74
90 44
24 98
91 83
79 8
61 54
70 56
15 40
8 11
43 48
45 11
9 84
56 2
46 5
56 82
92 91
98 65
57 80
60 74
98 48
5 98
12 86
83 97
97 17
0 59
73 88
13 37
6 43
36 44
21 57
31 18
27 6
92 85
86 8
77 84
41 84
25 24
25 44
70 4
6 77
82 93
8 9
63 45
45 75
86 4
15 52
45 47
22 97
49 96
67 78
72 18
48 51
47 94
23 19
79 4
51 64
53 40
77 63
34 74
13 88
68 17
12 10
7 15
35 7
82 86
52 79
98 54
78 72
83 24
47 36
22 7
20 52
83 17
60 3
56 93
54 18
39 46
63 77
72 39
70 97
13 74
21 92
76 1
58 74
91 97
92 72
7 17
46 47
40 82
48 42
8 55
60 83
10 59
90 31
1 35
39 65
71 82
69 98
80 98
17 52
65 5
28 45
86 61
97 37
69 32
64 94
52 78
60 6
8 37
72 30
94 86
59 64
18 72
74 9
25 23
78 94
8 89
42 69
34 91
79 91
86 81
47 63
43 8
19 42
16 34
64 55
56 83
51 30
88 52
38 21
10 49
88 42
9 3
16 9
15 76
25 36
93 82
58 73
9 23
16 59
34 51
51 41
67 31
24 47
67 2
46 95
19 66
34 72
71 1
96 43
1 46
20 18
86 12
13 10
16 86
30 6
38 97
84 64
4 61
56 20
6 63
21 44
69 39
55 15
74 96
46 54
26 58
56 90
83 88
95 32
38 53
73 77
10 28
98 96
92 56
70 45
35 26
45 66
20 24
97 42
20 28
21 61
16 55
18 43
61 10
5 25
9 55
98 69
13 72
41 76
67 94
30 0
12 85
70 94
63 79
68 72
11 23
74 39
95 28
18 91
32 23
17 61
58 16
28 4
57 91
18 26
17 79
61 39
86 56
40 1
16 64
96 48
X
60 82
83 47
87 67
53 39
31 70
52 17
23 57
20 33
61 17
64 6
86 7
77 94
74 89
20 64
67 92
79 37
13 70
56 86
28 71
59 73
88 36
59 48
64 29
3 52
25 47
89 78
28 34
15 84
10 35
54 15
97 34
20 69
15 83
24 61
44 17
59 36
18 7
35 81
69 63
90 41
2 54
80 32
21 19
23 16
78 32
93 6
98 53
18 35
40 37
28 15
96 59
31 37
79 66
47 11
64 5
24 91
97 94
97 49
46 30
28 41
24 89
19 15
42 38
83 73
25 49
7 71
83 6
38 74
51 53
78 10
1 86
29 56
8 66
7 23
93 22
52 54
32 71
86 30
43 6
2 90
20 2
54 87
X
32 38
22 15
38 34
68 60
89 14
79 30
19 41
55 98
93 33
29 90
26 3
83 33
65 6
36 42
3 98
97 68
26 14
55 51
9 36
92 53
93 92
77 1
2 25
9 22
72 43
60 39
42 91
16 80
55 69
97 39
75 22
90 36
47 29
45 26
30 75
58 22
46 60
47 64
56 7
85 61
41 93
95 74
77 55
86 73
93 70
72 14
26 31
24 44
92 63
73 73
6 12
80 13
2 80
54 82
20 56
22 48
81 92
15 1
97 20
6 22
26 42
14 62
98 21
44 55
34 24
0 9
35 47
58 17
76 70
38 77
46 16
34 23
87 0
64 41
53 4
34 87
93 15
41 91
59 10
25 12
43 54
30 67
14 48
14 9
91 43
67 24
27 77
78 65
24 15
25 3
93 13
88 7
0 52
25 46
54 93
4 45
68 89
78 67
79 32
57 92
84 91
1 52
37 25
54 41
43 78
73 25
15 72
5 52
94 20
58 14
93 55
85 60
17 60
10 66
6 86
54 3
48 74
97 1
28 19
98 86
53 67
79 54
91 26
63 94
10 54
86 6
22 65
74 58
53 12
28 52
36 87
50 40
54 69
3 21
86 11
91 51
36 79
78 53
26 83
6 37
36 51
41 55
29 76
4 35
2 1
82 49
34 26
22 16
2 18
55 83
14 58
81 83
17 98
35 46
29 51
66 8
39 61
37 96
46 42
90 82
22 61
51 6
95 97
1 94
11 84
4 53
93 74
37 16
66 64
88 82
5 48
88 15
21 27
1 11
38 44
51 48
95 58
62 77
71 95
10 76
88 55
58 32
29 29
49 34
5 89
54 44
25 6
88 50
3 90
1 59
59 4
21 87
55 68
88 4
71 78
98 63
85 9
15 41
4 29
62 47
66 17
35 9
34 17
44 42
90 93
46 7
63 41
11 10
23 92
36 77
94 93
X
84 23
50 73
90 35
19 59
1 73
88 31
38 17
62 38
59 76
92 45
59 85
35 57
21 54
65 63
51 68
86 14
87 20
67 60
78 69
52 74
84 51
44 25
22 52
25 86
57 78
74 5
6 11
13 75
47 44
31 31
79 47
88 98
28 20
16 25
92 0
87 66
85 7
90 58
93 60
79 44
61 80
57 13
69 8
32 26
42 61
37 49
36 94
26 88
31 55
15 95
16 58
20 98
18 42
23 45
69 56
13 26
55 90
55 89
36 78
38 73
17 95
15 85
78 66
74 85
19 92
45 31
91 31
14 66
9 72
26 75
32 98
13 97
91 76
56 34
64 8
84 60
72 96
6 48
54 77
69 20
45 21
94 53
87 32
46 76
29 65
52 35
27 84
20 13
X
36 39
34 27
19 8
11 2
54 94
79 20
9 86
96 93
51 9
50 36
45 95
94 43
24 81
56 21
3 86
36 85
85 28
95 40
55 70
14 55
40 50
21 69
76 98
37 42
53 36
48 52
0 65
80 15
25 32
0 96
90 98
40 16
87 84
7 47
97 24
53 84
66 55
58 38
71 73
72 95
40 53
17 71
42 50
75 62
26 30
87 56
17 29
21 63
75 87
79 73
39 55
11 42
46 87
42 74
X
25 70
85 40
20 51
48 58
43 75
49 35
5 56
58 93
6 60
64 18
20 32
74 78
64 45
76 59
39 48
12 15
4 68
51 74
80 8
39 31
39 47
55 10
81 72
66 80
36 84
33 95
38 66
45 96
14 49
25 57
17 34
74 29
23 69
83 70
56 22
89 92
94 9
26 61
79 28
61 48
31 8
28 16
30 54
18 18
48 68
56 14
36 63
86 60
79 88
71 93
29 1
83 20
12 29
86 34
76 57
14 64
55 75
15 60
90 96
78 12
54 70
55 61
89 24
10 71
47 45
96 81
80 50
55 58
85 24
96 83
61 92
54 43
84 80
22 1
53 73
46 39
X
67 8
41 0
87 73
67 29
10 88
64 27
56 57
33 80
41 88
95 59
90 13
21 20
58 52
74 60
73 13
90 60
46 13
65 45
62 35
88 46
46 96
0 93
45 46
92 3
37 56
57 60
50 37
77 42
13 15
71 77
72 56
92 44
2 33
82 57
89 18
89 17
26 27
80 66
72 63
24 43
12 66
77 46
62 83
26 21
81 10
62 46
81 36
66 58
24 16
57 39
36 36
78 33
22 4
18 57
94 79
21 12
67 84
89 6
70 10
25 41
40 41
42 42
27 49
68 83
5 44
52 83
45 10
21 96
76 25
45 0
64 85
8 53
22 35
54 48
33 50
65 50
35 71
83 2
33 79
54 76
92 12
33 62
94 74
57 93
4 73
25 38
90 83
14 5
86 62
9 60
76 28
X
48 77
X
X
74 87
X
56 42
60 29
94 44
81 25
X
80 93
11 59
77 91
X
X
X
89 62
5 74
X
X
X
X
4 69
3 32
18 71
X
70 20
X
X
X
X
46 21
X
34 65
36 73
57 23
X
27 74
90 0
11 33
26 78
82 20
X
14 18
29 42
68 98
30 43
X
65 90
13 61
X
X
X
28 72
18 5
19 57
1 97
63 75
33 17
2 0
X
73 86
X
55 32
44 50
17 7
9 67
X
2 49
X
67 63
X
X
X
40 77
39 51
49 12
33 18
21 72
X
X
83 40
X
96 45
X
4 49
26 76
X
57 34
65 62
X
X
20 73
X
X
X
94 92
X
64 96
69 55
X
X
1 48
32 2
X
75 30
59 40
X
52 60
36 49
X
31 57
6 94
27 39
95 78
8 50
39 21
83 61
X
43 37
X
86 18
24 94
X
X
X
X
8 40
X
52 6
X
X
X
26 12
98 50
X
X
X
67 77
X
41 57
0 15
76 66
X
44 96
86 41
X
55 88
X
X
X
X
X
X
X
45 37
X
16 92
17 5
67 55
51 25
79 15
23 2
43 62
75 51
X
44 48
X
77 89
55 46
78 14
93 91
X
10 93
98 78
0 98
18 75
96 11
27 41
81 48
X
56 87
72 72
X
X
51 50
74 8
X
7 2
X
X
38 31
X
27 14
56 33
X
X
72 47
X
61 47
13 40
X
28 74
X
X
28 50
52 56
60 85
20 72
X
16 81
77 69
12 25
X
70 46
X
58 85
X
21 2
X
10 21
61 77
77 67
36 52
62 25
17 20
13 86
33 66
84 1
X
96 57
65 8
X
80 47
91 4
83 86
X
X
88 83
76 87
61 26
19 71
X
X
X
94 83
54 90
86 37
10 17
18 19
X
X
23 35
92 22
60 56
24 84
X
X
X
X
X
85 51
X
X
61 36
26 41
X
28 80
39 17
X
56 9
X
7 4
87 44
42 5
97 43
51 34
X
X
39 11
43 53
93 69
X
40 9
X
97 67
X
90 46
40 25
X
52 21
X
X
X
X
X
1 27
30 86
X
X
X
X
X
X
X
28 91
X
X
X
X
X
X
13 87
59 66
86 53
5 97
X
X
20 70
X
30 15
27 82
X
58 57
X
70 95
X
29 37
23 90
X
83 67
13 16
53 80
X
77 21
X
X
X
X
15 53
X
67 41
X
97 57
X
X
75 21
67 74
6 40
62 93
X
77 17
81 66
X
X
69 68
X
X
X
X
27 58
X
X
X
X
88 2
X
67 57
54 83
95 64
X
78 15
24 75
X
85 80
X
20 41
95 39
3 27
74 53
79 10
36 30
14 88
91 92
X
X
X
X
0 69
X
X
77 24
52 18
77 47
31 92
5 55
X
X
73 16
X
62 51
28 78
76 53
31 2
X
X
X
X
94 37
X
6 84
71 7
86 83
61 89
X
87 46
78 31
94 27
22 30
13 77
58 7
X
60 53
6 26
50 48
27 78
64 49
63 76
90 76
80 45
X
X
X
17 84
82 25
54 1
X
57 33
X
69 22
54 86
34 41
78 82
78 35
15 96
X
91 63
48 60
X
15 10
56 52
87 38
X
X
36 45
93 27
82 74
23 37
60 86
54 63
20 42
87 43
85 52
X
1 19
85 35
70 8
X
81 85
65 69
69 90
X
X
15 27
77 51
X
41 92
28 49
55 85
44 90
63 25
87 52
29 4
58 80
8 93
X
X
X
40 23
X
48 50
11 56
90 65
43 1
X
39 90
38 58
X
X
73 43
66 40
62 9
32 3
55 79
71 32
88 5
13 33
47 70
87 85
67 39
11 69
X
X
X
X
35 49
56 31
59 92
X
X
X
X
X
91 20
42 36
6 98
46 18
37 66
95 14
84 79
X
67 70
X
4 71
X
X
53 74
27 21
37 36
X
X
X
29 68
74 22
X
47 59
X
X
20 58
29 75
X
48 45
23 7
X
X
11 91
18 28
86 3
68 42
28 83
51 86
4 76
X
X
X
59 96
56 94
47 52
X
X
X
30 30
X
X
10 32
X
33 26
X
52 51
7 10
41 10
13 23
X
X
61 65
X
X
68 24
2 86
97 59
50 72
X
38 1
92 92
X
X
74 21
35 92
37 92
32 41
X
39 44
X
X
X
91 16
21 94
95 65
X
X
X
X
X
X
X
X
X
13 89
30 39
42 10
X
24 6
50 67
X
47 6
70 44
0 95
4 3
18 62
X
48 85
53 28
46 33
53 59
X
39 57
70 31
X
X
63 38
21 29
X
X
6 21
X
X
X
X
36 88
94 59
X
53 18
X
X
24 36
88 28
X
X
1 72
20 55
X
42 78
80 92
X
49 57
X
11 72
71 52
0 50
X
X
92 70
X
X
66 37
X
11 61
X
53 65
69 53
27 83
1 64
X
55 5
X
33 11
20 27
68 80
89 53
79 84
41 67
X
X
48 56
27 91
13 79
X
26 73
58 26
52 73
91 98
X
94 55
47 60
40 12
X
96 49
X
35 10
X
X
31 25
71 34
86 54
X
X
X
15 64
X
X
X
X
74 64
5 90
85 25
11 54
51 51
X
36 50
17 16
15 77
79 5
X
X
84 78
X
X
77 13
44 58
42 7
X
87 7
X
81 86
38 0
94 77
X
76 24
5 33
X
X
X
X
X
X
35 62
79 14
1 68
X
X
27 60
X
X
64 59
63 7
X
X
73 95
X
63 35
41 75
96 89
69 83
X
57 90
X
X
X
71 70
X
X
41 38
X
35 19
X
X
91 34
97 92
24 26
X
58 4
X
33 64
X
X
X
30 37
X
X
14 19
77 56
X
X
X
X
3 12
X
X
79 87
76 93
X
7 80
36 72
82 48
72 89
X
28 42
X
35 63
42 63
X
X
X
3 30
X
52 52
12 7
X
33 38
39 53
X
51 4
42 95
90 70
37 87
X
43 59
X
91 44
X
X
17 54
X
9 25
8 91
53 61
31 93
87 3
X
X
X
38 68
19 73
66 66
X
X
X
X
X
X
X
15 91
5 20
X
X
X
18 65
X
75 33
X
12 1
X
54 21
X
X
X
4 51
36 86
80 22
45 43
30 98
28 58
X
X
X
93 78
31 39
X
X
67 45
X
10 67
X
X
X
80 30
5 51
X
X
59 71
76 71
84 65
X
11 22
X
65 48
X
53 17
75 91
X
X
20 62
X
X
87 80
5 61
X
X
X
X
X
22 95
X
X
38 37
56 29
22 13
83 95
22 44
77 45
X
X
39 82
X
X
57 73
X
X
37 77
61 85
21 28
56 69
67 22
39 45
X
31 71
31 32
53 45
80 65
7 7
64 72
90 51
X
61 29
83 38
85 16
X
29 50
X
X
43 28
25 84
19 80
60 71
8 47
44 54
X
X
52 91
31 86
98 51
8 57
24 95
X
40 60
45 24
73 59
X
X
87 49
66 34
X
27 98
X
96 36
10 84
79 75
8 49
X
X
90 63
X
X
6 42
88 41
88 53
59 38
14 7
X
38 33
X
X
44 37
5 10
34 88
0 68
8 12
X
94 46
6 90
35 39
28 57
X
X
80 1
50 62
2 59
X
50 7
17 91
X
98 31
X
11 86
17 14
X
X
15 34
X
47 28
12 6
X
47 7
44 60
X
31 26
10 68
X
X
55 82
X
65 65
X
X
26 28
27 34
79 61
36 62
17 6
14 69
15 71
X
95 77
8 30
62 88
X
X
X
X
21 17
39 68
54 38
X
75 72
X
80 54
41 48
61 53
70 80
83 94
29 97
X
X
45 82
X
X
82 73
58 21
18 27
X
39 97
X
21 21
X
95 47
X
X
X
X
X
X
4 50
10 37
75 46
87 35
33 87
X
X
42 24
29 81
X
30 26
X
X
X
78 79
65 49
17 17
32 31
31 94
X
98 71
74 92
X
X
20 14
X
67 81
5 87
96 32
69 72
57 51
X
X
23 72
73 35
23 47
27 90
X
X
X
49 14
90 17
48 31
8 96
76 78
X
X
24 53
65 17
70 32
X
X
96 26
83 26
82 31
27 64
54 58
X
67 26
98 68
X
X
X
90 26
22 42
43 94
6 85
X
X
4 94
X
17 40
94 70
58 54
X
34 95
X
76 23
23 75
17 96
X
13 14
55 19
X
X
X
95 70
45 40
11 8
X
86 42
50 79
X
X
X
13 59
25 30
X
X
24 59
X
12 46
81 96
66 83
22 69
85 20
46 64
X
18 59
8 41
25 53
X
X
