X
X
X
X
X
144 197
142 194
26 193
57 191
97 189
54 187
105 188
15 188
141 194
42 183
25 181
56 182
167 179
151 176
91 177
51 176
36 175
123 173
65 169
11 166
98 164
44 165
138 162
110 163
105 164
79 159
63 155
100 154
32 152
100 152
28 147
8 147
55 144
36 148
104 142
111 140
84 136
156 154
29 138
77 186
74 134
75 139
103 141
27 173
94 132
10 132
117 184
104 164
12 133
151 178
161 170
170 146
183 124
95 139
17 125
169 119
51 120
147 118
40 116
152 182
54 147
X
152 183
91 158
188 117
51 154
90 196
56 114
133 110
100 173
97 112
123 106
X
101 172
154 133
32 103
16 104
154 101
138 103
102 100
181 96
27 94
4 94
X
140 184
30 94
110 112
125 176
8 110
131 115
137 89
164 170
179 92
151 88
194 88
167 88
105 180
X
118 83
181 190
186 88
41 83
177 78
123 172
191 174
89 170
158 120
190 78
163 74
25 78
185 73
X
194 79
64 172
4 74
7 117
137 77
85 71
63 169
5 98
163 172
107 68
130 67
14 69
181 184
170 65
169 110
75 66
68 59
58 59
110 178
91 63
147 132
143 106
107 190
168 56
4 148
165 74
179 83
42 160
193 142
142 57
81 55
74 59
90 52
50 51
107 181
155 57
1 176
133 150
154 94
139 83
38 49
135 138
193 46
126 46
128 45
52 44
108 121
147 95
14 188
17 52
28 40
3 184
98 159
175 95
171 38
53 85
40 162
180 178
124 130
121 124
87 83
53 154
143 81
178 37
99 88
42 37
142 42
34 124
139 70
141 119
170 135
182 35
105 64
28 72
89 35
193 174
7 71
68 175
22 34
X
144 119
26 139
15 77
161 96
183 27
122 146
180 36
3 141
X
70 50
88 27
50 151
186 90
101 149
51 150
164 155
24 28
28 171
113 140
68 181
54 173
X
50 158
51 80
30 26
X
3 190
95 85
103 153
91 22
60 83
93 25
81 58
X
75 150
13 131
95 51
39 144
80 125
197 181
X
6 147
127 111
21 86
147 182
139 104
119 153
148 77
36 107
48 166
100 28
6 25
32 19
29 109
8 118
55 77
33 50
45 108
25 165
107 19
5 27
29 28
133 111
176 118
8 74
135 130
168 160
158 130
23 83
138 164
165 90
128 30
92 137
128 154
25 149
46 43
25 45
175 104
85 82
97 84
169 27
97 19
X
71 92
31 56
4 130
81 129
8 62
119 187
168 74
56 87
42 50
16 80
51 50
104 35
100 13
15 26
181 109
107 58
68 182
97 111
X
153 93
178 133
72 63
144 57
46 66
165 91
X
134 170
167 61
25 46
52 139
X
109 31
102 68
33 182
94 129
83 71
21 34
4 91
97 16
173 197
121 154
106 77
67 16
68 49
136 119
12 142
69 106
63 176
184 155
4 73
133 141
107 77
141 195
14 102
178 155
74 34
67 133
42 124
32 63
161 18
54 113
85 57
138 70
51 33
125 170
3 130
11 84
10 47
118 67
189 65
144 120
127 109
130 182
73 161
137 9
173 46
171 75
27 96
107 39
71 91
67 114
148 104
57 106
167 91
187 18
162 174
72 147
189 195
67 138
137 140
59 83
21 83
171 188
120 123
161 15
26 120
174 10
130 155
169 38
99 130
52 114
8 120
28 80
147 20
141 143
165 85
69 138
152 133
4 76
118 195
188 154
191 193
141 76
53 47
19 169
195 119
190 119
116 10
10 89
196 30
76 46
119 193
169 47
179 27
105 160
101 27
168 48
158 63
167 180
163 106
41 4
124 69
X
103 111
46 67
X
46 44
108 19
90 182
110 59
62 188
49 27
87 18
152 41
79 60
11 89
X
32 125
12 103
102 107
193 188
159 106
22 5
140 72
127 119
192 12
53 30
185 165
123 107
157 192
18 73
6 27
34 110
45 5
121 152
36 145
58 89
163 109
165 179
65 46
172 18
67 180
137 154
31 52
108 77
X
51 195
74 188
55 17
26 184
96 50
59 6
83 143
97 100
110 190
176 130
129 192
132 63
152 88
140 153
107 59
56 166
55 194
22 18
42 119
92 91
54 157
155 42
151 90
132 156
110 101
159 171
190 74
X
132 38
77 145
168 87
140 12
X
103 180
175 171
121 121
132 153
28 98
69 3
57 140
129 90
166 88
90 105
41 10
90 1
126 28
122 123
62 177
117 140
195 32
63 159
21 8
159 78
3 93
160 31
179 28
6 123
12 90
93 183
X
53 140
169 60
49 150
X
147 181
47 119
170 87
151 95
146 148
171 41
192 31
7 146
138 72
85 59
70 166
177 81
33 63
13 27
83 141
34 149
75 177
128 50
62 182
138 119
132 100
155 192
55 175
186 155
71 60
146 23
X
177 145
64 15
160 21
64 163
103 163
12 69
190 166
135 176
171 122
70 165
175 161
148 168
118 37
178 72
62 1
191 22
174 76
87 167
62 127
169 138
91 182
135 22
159 174
16 24
128 35
31 152
34 123
131 41
45 156
55 120
130 30
141 162
66 49
47 49
9 100
52 126
113 98
96 68
195 97
49 17
48 163
129 26
172 188
X
175 194
60 1
67 49
189 14
161 93
86 154
16 27
181 181
187 92
129 164
50 125
146 105
34 189
169 62
91 25
22 135
53 124
38 55
109 130
158 104
19 119
X
7 165
77 105
77 189
136 112
140 9
156 5
88 113
182 183
15 89
27 114
126 31
155 14
169 192
179 77
159 130
184 136
125 119
75 180
73 189
28 114
124 91
122 129
115 163
155 2
134 57
75 29
32 110
155 142
127 97
39 29
78 27
68 117
96 81
8 15
22 138
85 58
188 88
188 10
127 91
102 108
5 191
115 53
179 106
75 179
149 28
135 11
98 68
15 133
104 147
10 165
3 173
110 77
92 52
30 193
24 137
56 136
53 113
143 145
145 115
72 194
118 144
X
185 138
118 69
7 110
153 52
150 95
12 139
88 94
X
122 124
123 160
45 65
108 125
3 43
192 183
162 127
155 72
51 139
104 144
154 57
18 177
81 128
68 56
125 23
162 12
170 48
132 154
159 101
57 194
86 142
14 24
193 115
163 169
181 177
164 118
123 91
121 9
73 86
16 91
183 107
188 41
13 24
35 103
126 182
119 162
128 190
73 185
191 165
91 193
117 80
122 74
191 57
24 47
191 50
145 68
73 63
106 19
20 186
115 52
9 166
147 166
145 102
67 168
75 121
36 18
142 52
71 103
43 166
50 55
105 192
100 175
68 119
165 118
X
24 123
176 81
130 31
51 163
107 31
34 195
26 118
158 129
9 84
154 91
147 52
24 83
29 33
180 52
84 75
148 57
149 162
142 183
54 75
122 23
158 105
56 167
105 26
64 72
189 120
X
36 77
78 48
140 162
166 161
68 114
66 180
7 14
105 71
X
183 30
79 75
49 88
51 21
187 154
156 194
165 2
178 32
26 80
151 134
21 100
148 131
11 78
150 16
158 107
7 73
146 130
157 9
145 116
6 14
114 95
78 119
68 16
136 18
14 53
140 15
183 109
97 69
97 33
176 80
83 90
119 48
X
42 36
4 132
77 121
94 189
29 121
56 151
166 101
90 167
18 174
4 131
183 154
193 48
169 100
134 191
93 22
29 7
27 139
165 169
4 152
175 105
7 16
197 57
107 182
194 179
154 143
193 126
50 157
X
37 56
122 130
144 181
2 176
83 88
21 5
33 53
159 94
79 76
85 95
23 193
150 169
165 116
71 40
75 1
102 18
182 3
124 170
110 98
130 2
12 153
181 108
149 78
17 168
188 39
48 50
154 142
36 54
28 79
121 162
86 102
92 139
141 144
70 40
39 15
156 180
102 175
128 99
56 106
X
130 188
X
74 166
147 190
17 53
169 32
197 182
38 124
139 71
144 180
51 78
X
50 84
55 114
12 11
67 17
88 167
159 167
60 86
61 181
182 186
112 34
33 192
178 83
125 91
34 125
181 5
67 116
14 72
155 53
83 2
134 38
52 75
81 28
29 107
31 124
72 91
132 126
178 81
55 174
10 111
167 183
58 139
X
34 77
52 32
142 105
181 186
191 58
84 88
52 67
7 26
75 86
190 14
57 120
90 190
106 47
152 53
121 76
110 157
145 150
171 189
132 192
20 119
96 85
53 70
23 40
29 47
49 85
181 2
100 166
172 52
172 47
11 2
12 2
84 73
170 176
142 59
179 48
135 20
13 191
84 28
37 147
190 102
79 177
18 74
164 86
22 152
103 92
69 73
136 75
179 186
167 33
44 82
55 166
41 183
51 115
130 45
93 67
193 178
176 154
101 108
107 179
180 50
130 63
76 162
71 88
120 187
128 71
133 128
165 76
156 61
12 147
169 106
33 54
88 189
12 146
132 113
55 7
193 60
54 171
11 6
151 170
41 47
194 32
31 155
41 5
72 60
108 31
119 152
87 57
170 182
193 176
192 38
170 91
135 173
127 39
88 97
65 117
33 103
158 3
125 36
150 20
175 9
16 72
189 35
88 147
8 16
39 39
190 120
43 44
73 60
24 183
22 147
127 13
7 87
2 130
104 132
62 147
113 149
10 114
145 134
114 6
180 83
24 42
126 70
158 38
165 177
19 121
17 9
193 116
X
134 20
130 71
116 49
44 74
65 14
109 13
7 85
48 168
76 83
191 46
42 86
179 79
44 6
146 18
127 9
179 184
167 87
176 170
64 74
X
129 45
194 86
126 71
92 43
60 8
173 18
165 4
90 177
159 127
29 104
135 150
120 104
79 2
X
183 105
9 102
48 110
11 4
25 136
32 26
122 29
27 49
X
51 32
14 117
21 24
17 80
162 152
46 84
37 138
165 115
159 40
13 133
29 6
167 31
110 57
20 116
64 45
156 122
X
120 120
176 132
160 56
23 9
59 4
172 27
66 1
105 189
171 146
63 114
172 146
17 51
119 57
193 189
166 102
86 84
X
5 117
9 131
31 174
164 74
169 48
189 21
25 114
188 156
39 67
4 161
74 96
177 117
178 92
52 168
19 167
74 30
70 57
8 102
X
193 32
5 26
113 139
146 191
74 65
3 137
151 18
20 102
52 119
111 149
137 138
56 170
35 77
17 26
80 77
4 117
23 61
146 147
86 68
13 25
174 30
168 26
176 82
X
108 110
148 52
126 23
150 180
188 106
192 2
137 150
108 34
113 150
78 37
141 14
17 78
186 100
21 28
195 183
49 4
5 130
128 52
125 11
70 36
14 193
91 1
9 30
192 78
4 154
36 149
29 141
118 92
49 6
33 155
78 129
169 146
117 186
53 137
X
57 78
112 150
169 132
18 191
147 57
52 154
175 91
38 69
69 194
138 77
62 60
157 3
163 93
156 196
25 53
99 113
52 40
165 86
67 37
55 147
74 131
46 104
187 172
141 175
171 10
157 60
73 163
X
52 173
31 97
192 86
X
51 147
47 48
100 7
89 120
27 51
X
137 11
181 101
57 182
190 104
148 106
193 29
7 11
146 120
108 126
105 127
128 180
46 36
175 94
117 67
14 74
118 193
106 187
57 73
125 120
28 141
12 105
102 24
70 190
64 49
93 107
25 169
106 62
109 148
54 44
84 29
158 155
176 19
103 159
27 168
194 47
112 112
14 115
121 74
121 184
12 76
56 79
187 169
125 183
153 90
138 100
156 124
180 35
125 121
118 39
65 77
59 87
X
105 25
69 70
12 85
118 194
126 124
135 121
49 28
131 54
53 173
125 123
95 99
151 21
72 186
33 184
42 135
X
147 67
X
140 77
187 141
X
6 140
109 132
184 143
90 103
172 41
113 175
75 83
139 174
53 54
19 61
74 91
195 186
101 17
52 170
136 16
21 155
164 4
28 146
119 145
94 197
63 179
31 190
13 188
X
61 127
19 101
148 133
4 123
90 43
81 27
171 139
19 5
195 129
193 118
154 56
158 37
138 108
61 11
180 90
X
109 100
145 131
46 70
192 29
70 162
66 11
150 31
40 142
94 41
129 49
X
163 108
58 83
14 42
97 63
34 49
169 188
37 135
176 92
112 175
126 45
52 76
9 26
143 144
135 123
159 54
154 95
14 108
147 19
40 74
19 153
58 134
145 57
126 8
39 16
25 191
146 114
25 129
175 108
102 17
81 56
53 141
93 131
108 160
51 119
54 102
175 133
10 6
99 167
68 176
82 44
119 37
65 3
61 128
176 155
176 197
X
8 60
15 108
175 162
108 123
37 88
87 157
110 138
31 94
15 189
122 56
79 39
13 40
94 194
56 73
134 100
14 38
35 32
142 38
79 77
20 36
195 5
17 55
33 195
77 119
77 174
117 144
72 66
154 105
96 159
193 144
15 72
164 168
123 176
32 64
139 94
78 145
140 45
157 133
14 119
86 21
110 84
13 57
100 16
X
112 119
148 59
171 26
44 94
X
10 50
X
159 154
66 73
21 154
168 63
134 23
122 28
173 160
55 181
90 189
131 52
128 183
167 195
70 56
174 158
147 92
84 81
165 194
193 183
169 51
148 95
122 109
165 82
147 64
169 183
175 109
14 67
194 87
100 150
193 186
192 5
122 104
85 154
140 160
191 37
125 27
139 102
138 92
106 143
97 12
40 87
8 77
97 167
192 32
6 22
7 104
96 19
63 188
80 60
114 12
73 193
92 176
86 197
57 87
44 95
115 175
84 95
127 124
5 173
31 66
X
157 8
108 161
177 123
67 182
41 30
123 133
109 35
149 88
18 115
34 19
11 142
62 58
98 91
36 185
170 28
65 36
8 123
78 83
38 192
106 162
29 5
91 92
165 158
111 179
175 172
4 120
31 95
123 26
50 113
148 75
88 98
75 6
46 37
77 187
11 37
55 187
26 185
X
159 8
149 8
125 109
94 79
23 5
52 187
16 73
50 115
137 173
127 52
128 179
87 30
13 53
188 90
118 91
19 8
28 44
129 179
47 55
145 197
16 90
162 42
68 72
X
X
150 21
190 172
81 3
191 19
X
78 29
85 84
142 15
89 154
175 93
138 173
X
159 18
126 24
82 46
154 180
61 147
190 156
192 171
171 181
56 6
136 71
43 46
3 21
55 73
16 70
185 89
104 110
175 11
69 6
X
107 121
7 10
82 73
75 122
179 105
96 12
X
130 153
82 72
192 52
69 5
159 36
159 93
113 6
179 185
149 90
155 12
188 66
23 195
71 39
161 86
89 155
119 26
109 190
119 195
162 106
109 118
187 160
53 180
76 96
137 20
35 110
22 26
33 181
79 54
92 133
158 194
128 31
54 55
103 88
154 136
X
9 4
141 92
22 134
41 2
108 157
110 31
104 37
120 148
23 84
68 134
50 164
74 98
63 1
70 6
178 95
66 17
192 18
190 77
52 20
64 177
108 187
190 195
15 27
168 132
52 14
43 77
188 118
86 56
49 43
107 120
83 49
56 187
63 171
158 33
183 106
109 159
9 150
106 39
X
61 14
38 147
38 44
145 40
60 88
143 191
25 141
X
154 134
50 27
30 194
130 192
53 104
121 185
135 18
129 153
113 147
44 49
138 93
190 115
X
136 76
161 38
137 16
23 166
23 194
51 27
22 60
78 102
52 167
X
146 143
175 164
98 189
27 87
47 110
172 108
105 51
169 103
193 78
193 19
19 6
113 10
65 75
144 33
24 117
X
73 128
162 74
56 164
194 97
159 156
192 35
180 94
130 27
66 3
103 164
86 119
27 125
33 55
159 194
60 87
137 70
126 35
27 85
12 74
1 23
70 102
190 46
X
X
143 66
X
39 65
172 106
71 71
159 95
139 89
151 166
4 26
65 182
120 143
157 5
123 151
152 86
70 19
23 13
180 5
168 159
38 183
64 31
167 100
88 102
183 185
119 191
150 118
29 189
38 38
179 39
190 171
177 18
131 65
38 184
6 62
13 38
120 133
143 53
45 9
112 186
30 190
86 72
76 28
104 162
168 123
88 68
103 127
68 136
158 139
159 107
191 172
X
116 143
170 106
4 40
120 122
5 151
35 56
45 137
193 195
87 34
104 106
52 163
71 36
16 119
94 30
186 106
161 77
142 102
174 29
183 152
111 98
179 76
118 41
89 3
5 193
61 5
55 163
78 149
121 38
114 175
28 81
178 168
133 40
135 9
194 2
159 170
44 46
36 105
53 18
75 133
40 124
43 156
59 5
157 53
168 135
87 147
35 154
53 88
101 60
56 108
X
87 58
42 40
75 108
183 180
X
138 109
98 31
71 131
94 91
158 5
34 107
160 169
73 148
53 175
X
102 99
140 180
170 178
152 169
38 43
180 38
27 73
X
64 3
137 174
178 109
31 119
189 142
5 29
80 142
142 36
23 192
143 188
87 145
72 190
117 93
124 47
4 77
136 70
156 120
38 27
11 128
124 31
29 74
193 50
90 53
171 120
X
132 98
117 10
59 129
169 74
193 86
86 9
59 163
31 26
12 73
183 177
87 68
X
137 113
33 17
X
136 109
103 124
81 49
146 106
95 67
151 181
190 67
73 194
137 96
79 46
19 191
36 139
123 153
160 12
53 182
110 188
78 146
179 122
103 182
34 33
43 50
177 60
99 158
126 131
152 19
158 18
181 95
73 150
121 40
55 168
139 162
4 71
140 183
21 62
24 20
42 128
52 77
125 67
5 171
69 50
117 9
16 51
140 89
159 120
42 10
X
142 150
110 13
X
114 10
64 159
129 65
127 23
57 107
23 183
177 143
7 52
104 152
191 48
34 106
X
66 7
81 59
178 20
148 18
21 9
40 27
187 143
6 23
179 50
87 164
72 6
64 5
75 63
66 31
117 7
26 53
120 144
42 179
147 7
101 61
67 121
173 6
121 79
25 49
159 96
85 30
158 121
141 57
88 8
81 44
113 100
100 5
49 188
55 47
117 24
187 157
29 137
2 193
179 70
180 186
79 129
50 47
21 87
117 53
X
27 170
146 165
41 156
X
133 42
188 68
35 135
35 108
99 99
20 152
144 183
76 91
X
163 117
73 139
161 174
98 54
133 126
161 75
124 23
156 123
114 83
116 163
118 192
8 76
133 56
176 138
74 97
13 77
192 46
186 102
64 73
53 127
128 97
139 156
23 68
125 179
X
55 67
108 118
147 37
168 120
55 5
103 147
71 134
37 49
163 94
191 186
13 179
160 192
93 109
88 196
141 180
188 22
178 123
109 73
81 4
60 158
136 150
28 136
118 47
54 139
75 64
105 49
49 191
86 143
116 89
160 13
129 91
148 21
13 54
173 21
51 35
107 187
192 181
85 34
113 27
64 51
90 145
133 164
31 127
122 151
32 54
94 92
131 55
171 20
151 171
119 184
54 126
150 9
161 124
39 41
156 121
66 12
180 105
170 39
81 31
181 70
51 52
95 138
144 106
57 83
186 167
134 71
78 14
31 103
79 127
104 91
147 38
21 27
191 2
15 25
132 56
123 171
104 59
111 113
144 150
44 113
110 158
195 113
101 63
97 79
126 125
128 85
23 67
152 91
12 5
133 165
56 20
51 36
98 172
69 40
120 129
84 93
74 136
17 137
55 75
27 53
108 111
105 187
6 137
87 119
86 120
192 189
24 79
111 31
34 194
47 121
41 46
176 97
8 26
134 56
197 180
21 26
114 28
179 2
12 175
44 124
168 53
145 32
8 30
155 176
114 90
39 175
141 120
55 171
55 146
42 155
53 43
158 50
125 77
110 160
55 101
179 35
174 146
15 132
119 140
99 147
93 79
77 51
25 42
80 129
184 27
112 176
131 188
76 81
44 135
42 15
134 104
93 197
X
25 51
16 106
22 139
133 161
176 18
98 53
66 77
142 31
81 90
7 88
118 68
42 82
38 127
52 164
116 80
5 182
36 106
175 76
113 24
164 115
148 162
X
37 76
64 76
38 30
160 50
13 13
25 83
155 4
121 75
X
91 111
153 181
130 189
154 43
79 12
157 136
41 146
157 57
128 63
192 13
55 32
14 93
27 123
46 38
77 49
132 169
119 43
49 187
187 21
9 46
12 154
59 156
178 16
63 6
94 64
155 11
7 30
87 105
74 158
139 177
154 145
141 89
171 28
191 56
163 82
86 111
75 65
53 21
60 61
181 194
127 8
40 172
164 173
103 142
27 40
33 125
95 79
188 100
112 38
103 150
78 151
189 76
43 62
143 31
65 103
66 37
95 53
180 124
141 74
106 55
54 18
93 69
150 115
10 14
156 49
119 151
28 46
37 54
26 181
53 23
90 109
195 3
29 115
38 39
192 40
23 182
19 188
25 121
89 147
110 177
28 50
165 176
46 82
8 114
78 150
X
71 4
103 125
63 51
138 11
84 94
155 10
34 138
120 37
188 67
169 59
26 42
178 18
18 179
19 151
148 170
169 53
143 96
72 56
39 18
148 171
39 147
124 124
152 28
134 168
183 192
149 169
21 150
163 174
169 30
128 188
1 40
X
71 38
120 126
143 184
33 52
158 56
143 189
135 139
162 167
68 178
187 167
X
9 168
161 137
101 189
113 8
38 194
189 22
182 177
25 43
194 80
27 78
177 109
5 58
6 183
56 24
126 130
70 128
88 104
2 194
59 162
179 72
99 154
18 156
X
94 190
8 98
X
8 72
55 55
X
75 67
83 45
49 194
42 41
191 79
78 98
121 78
146 77
98 32
146 21
162 195
125 97
183 143
13 55
100 18
106 32
143 143
186 141
149 93
79 16
87 158
191 41
55 150
169 194
X
42 75
44 75
4 39
35 105
13 72
43 70
173 196
140 154
105 27
43 85
111 75
162 121
163 155
122 86
56 62
24 195
144 123
47 120
38 175
87 82
173 26
181 30
54 40
135 75
123 90
58 135
X
16 116
6 98
X
X
147 134
34 64
125 60
51 137
91 118
121 126
100 172
136 123
83 164
85 141
132 163
123 110
17 124
177 139
25 148
104 49
132 103
18 175
52 84
137 104
81 29
97 62
13 102
61 188
21 153
145 106
189 78
86 141
28 139
X
187 88
101 111
94 62
44 36
117 41
87 99
146 17
179 104
103 48
114 92
113 12
142 104
104 72
64 116
67 160
143 64
160 11
14 57
177 96
157 68
87 93
179 19
X
56 190
34 148
52 150
40 169
156 153
157 70
99 172
177 138
70 60
139 96
X
X
116 53
190 79
90 112
10 154
165 6
148 149
105 56
45 39
86 168
136 89
155 5
42 96
73 93
177 142
145 17
75 32
55 173
35 20
88 114
153 180
92 118
25 139
88 59
19 115
151 8
80 46
180 191
172 65
162 39
192 60
139 91
131 112
60 3
23 34
98 165
74 81
106 14
7 48
71 191
X
187 158
68 177
54 100
X
51 30
66 106
67 34
63 128
X
X
60 84
109 169
148 103
40 144
178 58
99 108
169 20
41 116
130 159
91 43
193 20
104 108
105 98
105 31
26 51
6 153
104 175
170 74
48 158
92 197
152 184
124 110
X
55 15
177 108
148 145
154 82
74 162
5 119
100 88
59 7
138 183
41 98
179 80
36 103
134 99
159 74
87 163
81 1
193 93
194 93
137 75
107 124
190 18
183 181
187 142
175 6
124 133
174 8
102 147
182 118
42 123
103 161
169 50
52 144
161 85
161 127
178 101
42 158
160 51
142 45
184 37
75 109
188 91
X
166 2
102 88
104 134
90 158
196 32
39 146
12 141
67 139
177 102
17 166
167 161
27 76
160 130
29 45
78 127
49 15
147 148
29 76
22 68
X
13 193
129 46
67 169
64 75
40 174
180 39
139 45
6 58
19 125
174 155
13 177
140 13
75 162
7 113
54 47
182 39
185 136
X
47 47
78 38
123 105
147 191
128 189
162 38
114 93
41 17
28 128
4 165
43 127
152 18
143 44
171 19
168 178
115 167
145 65
174 164
115 47
120 147
78 126
96 165
131 57
126 49
38 193
13 11
129 23
88 154
132 128
111 134
106 13
141 9
131 165
86 81
24 78
155 196
74 159
68 102
X
45 135
114 179
X
44 44
7 154
103 49
167 197
31 106
71 104
195 59
172 109
123 174
65 71
71 194
130 24
130 181
110 139
171 9
175 7
169 46
170 60
38 115
127 90
150 76
156 10
94 85
68 180
125 84
155 193
134 72
166 155
64 14
96 64
79 121
144 103
83 81
8 59
175 107
116 140
151 39
59 1
11 178
43 135
175 197
161 120
21 152
23 191
143 102
131 58
161 29
24 151
173 28
182 138
64 189
28 150
55 70
48 47
94 31
69 115
153 54
94 93
33 185
147 36
157 101
15 176
X
46 108
27 140
52 120
48 104
75 106
143 147
183 102
84 30
160 191
74 3
65 120
18 135
7 84
62 95
172 192
139 99
144 29
96 54
80 73
84 96
189 100
16 93
132 104
X
94 32
42 116
96 67
157 49
127 175
86 7
X
105 55
181 72
112 33
132 130
110 130
133 58
143 67
136 103
106 123
X
49 30
49 5
17 123
139 154
65 102
6 130
192 182
21 104
24 119
42 77
7 27
16 48
34 103
X
145 36
95 69
70 163
15 115
6 132
X
146 118
56 83
192 158
162 191
17 122
84 86
3 25
17 119
38 42
146 76
27 45
189 68
72 67
110 85
86 108
126 176
15 57
127 171
76 102
57 79
11 154
49 166
182 27
51 40
175 139
169 49
17 67
76 150
17 121
158 30
14 131
103 72
17 180
28 94
X
55 113
122 125
111 118
50 44
20 121
134 74
88 105
41 193
102 60
55 3
79 3
117 12
147 150
65 106
171 7
119 24
195 128
175 102
192 41
149 66
121 108
29 160
158 153
33 91
63 182
67 137
64 95
42 66
193 180
156 179
175 170
38 144
7 174
105 68
70 75
185 155
86 114
X
175 78
121 143
194 90
98 108
121 77
50 192
6 77
106 61
80 36
134 148
193 175
184 192
30 87
158 36
97 82
122 108
86 27
X
158 19
98 14
132 188
71 3
61 179
143 39
183 153
30 91
71 135
91 62
64 143
160 9
16 89
7 62
75 165
110 14
38 169
151 40
25 125
193 82
20 33
140 10
178 121
110 141
84 103
92 53
158 57
155 9
5 30
41 36
3 140
X
179 54
41 19
120 10
177 194
187 171
X
50 190
24 124
152 137
126 68
52 88
29 32
124 45
114 178
163 118
125 133
165 174
147 94
127 45
74 56
56 171
26 165
95 137
10 11
152 37
63 163
147 9
41 96
57 58
144 64
145 145
194 82
120 11
135 177
126 172
52 55
188 14
25 127
83 73
19 123
30 29
10 113
X
77 151
105 97
11 79
68 116
137 155
31 115
127 85
112 138
16 105
180 158
152 17
X
179 18
175 82
92 138
127 176
76 1
X
125 52
183 39
37 87
161 13
113 101
165 155
179 108
162 82
97 83
69 49
62 15
141 147
87 84
141 150
41 180
92 140
148 164
128 91
102 106
18 178
9 6
141 81
34 104
158 61
100 92
122 13
56 36
145 54
152 21
105 101
53 4
156 13
47 10
72 125
56 163
44 43
167 135
93 84
155 194
88 29
69 72
153 179
81 125
171 18
44 86
150 19
22 63
104 111
55 100
53 150
41 62
160 8
54 67
120 193
65 121
70 59
34 188
140 156
65 11
90 8
77 14
103 126
87 162
X
125 76
141 16
56 89
174 157
12 38
139 101
26 47
173 53
85 161
105 162
91 184
140 14
139 76
134 98
110 17
140 152
145 20
86 104
176 17
65 172
144 191
139 180
159 21
142 37
130 179
128 153
92 109
52 102
39 196
112 133
103 112
76 146
162 130
161 84
74 86
22 141
30 73
54 52
33 163
49 87
34 147
114 91
24 46
13 176
175 160
121 158
139 184
148 160
32 163
129 1
X
151 16
41 50
10 112
105 142
160 60
25 44
165 56
181 123
159 52
140 96
124 180
172 10
X
85 56
36 173
63 158
25 147
93 181
137 156
167 158
1 39
36 174
38 87
160 55
69 4
63 147
8 100
94 90
115 95
62 31
191 177
125 71
143 36
68 194
169 29
1 92
14 128
24 138
157 195
12 89
196 96
34 181
17 57
93 112
8 46
81 47
19 102
11 149
132 127
184 195
38 28
129 188
X
20 63
17 169
103 123
41 142
160 135
171 46
71 102
194 52
26 78
185 167
76 189
87 97
126 2
157 69
175 8
38 51
120 195
76 176
157 143
112 179
143 146
173 142
160 57
X
23 65
124 10
71 106
68 121
52 176
172 50
55 195
98 147
39 17
12 104
153 31
168 133
79 49
88 145
150 28
194 49
167 6
4 164
64 192
167 4
X
105 159
11 92
177 168
194 48
1 25
61 192
68 44
188 175
154 137
25 151
177 130
38 114
165 117
X
63 93
23 42
90 183
25 86
161 167
134 192
185 143
91 23
95 158
30 105
12 102
75 98
47 53
169 65
35 185
124 56
103 160
129 183
80 13
77 16
162 154
146 149
70 3
44 77
X
56 155
134 76
116 51
X
82 49
126 37
166 159
134 132
30 74
95 140
72 93
162 115
167 27
88 70
138 177
17 133
27 81
125 145
X
71 56
16 191
159 31
32 98
33 154
146 53
70 121
149 64
87 35
36 172
173 162
48 154
121 149
9 52
131 42
40 173
162 169
128 36
66 121
88 53
57 188
117 40
50 88
24 185
X
38 40
154 72
132 131
150 161
51 24
137 101
172 38
86 122
37 89
11 77
164 85
147 143
74 31
134 19
178 35
13 90
124 121
23 24
88 32
163 115
135 77
41 49
54 106
67 105
53 138
30 33
155 190
133 144
67 159
102 89
12 151
122 10
143 45
52 125
41 147
177 76
149 31
5 59
112 130
8 151
140 70
12 150
118 90
187 151
158 15
77 83
126 86
X
193 97
102 69
90 7
193 113
146 52
85 105
X
129 50
41 157
143 59
69 89
193 18
92 41
31 7
26 87
66 13
96 100
138 89
141 45
40 166
177 83
9 114
137 114
18 134
49 195
77 80
166 6
84 76
112 188
193 22
79 137
72 188
13 51
59 161
71 93
141 121
40 164
167 189
115 6
43 128
56 78
39 171
39 87
124 108
193 130
173 189
93 123
182 109
182 25
4 139
79 136
26 40
105 61
143 41
108 39
117 89
76 32
178 122
23 141
161 172
183 186
64 93
156 156
178 62
88 168
52 158
166 135
143 123
183 184
97 30
90 10
109 99
X
133 130
82 50
66 5
90 51
35 139
191 130
57 35
80 27
156 105
148 158
149 18
93 121
183 31
10 142
X
23 12
74 4
24 27
2 191
108 73
37 181
93 118
4 137
91 197
97 15
150 116
27 119
53 44
156 190
44 119
56 68
177 26
59 158
183 35
97 190
83 4
174 26
86 169
114 163
51 141
189 79
25 123
100 147
23 41
110 18
68 172
77 54
12 149
80 16
X
163 116
11 38
51 135
126 179
152 54
149 29
147 88
151 6
56 84
9 128
177 93
157 12
46 41
111 175
173 146
155 49
103 47
50 78
86 170
85 21
177 144
101 192
X
151 164
126 27
75 80
85 162
109 163
133 160
89 101
105 39
125 100
168 76
46 85
13 46
31 170
57 187
167 30
55 36
184 28
75 174
157 14
158 8
195 143
178 124
X
152 43
61 155
35 152
47 50
20 32
49 16
126 39
23 63
84 20
189 160
182 5
97 97
34 27
157 193
143 95
29 94
X
170 143
90 42
110 189
34 185
92 69
192 130
32 56
38 29
127 100
116 68
150 158
34 76
49 54
176 194
160 62
144 143
153 171
28 16
52 157
51 55
69 93
133 149
180 177
122 110
169 196
3 95
34 65
41 155
8 112
126 89
111 99
48 2
127 71
194 89
155 13
68 179
70 72
56 67
175 168
168 197
95 14
26 79
95 62
138 91
142 106
18 125
99 111
X
71 147
34 105
X
103 60
183 123
X
125 10
168 31
124 67
164 2
91 154
138 181
161 78
107 13
53 194
166 171
15 69
8 153
121 59
26 195
155 39
171 33
51 28
124 97
41 74
160 120
181 118
98 107
124 98
176 59
25 52
124 74
106 73
35 54
162 19
21 60
111 168
169 107
169 191
X
14 44
74 89
160 133
77 55
76 180
194 180
167 32
152 57
52 80
126 113
178 4
X
28 76
159 169
122 154
177 58
158 31
157 1
55 21
121 142
28 47
39 116
49 84
177 170
150 181
109 77
X
83 163
90 123
5 75
64 77
98 193
38 37
143 68
66 158
73 147
69 46
63 130
80 32
180 77
84 143
59 128
91 51
176 91
161 106
51 43
8 150
23 134
146 121
20 187
193 192
160 18
191 194
77 32
178 60
189 128
128 89
178 120
X
6 104
144 188
38 63
56 134
109 122
123 170
17 5
4 93
98 167
39 62
162 192
25 12
72 166
147 75
135 122
18 152
32 17
169 19
104 89
191 179
83 161
129 51
54 36
90 148
X
125 57
9 103
73 56
147 22
2 133
24 134
56 60
191 87
152 16
113 179
94 193
31 107
17 74
149 65
33 6
161 138
87 125
158 2
115 49
64 121
159 76
31 108
46 106
120 149
30 148
157 134
104 97
17 76
174 77
125 74
164 169
42 113
64 180
109 59
22 150
83 162
187 170
152 82
104 133
171 76
109 133
16 108
68 35
169 145
82 141
109 123
79 180
12 148
25 195
4 118
99 26
X
71 189
65 175
75 34
54 151
176 172
128 47
65 35
105 153
28 149
120 151
48 106
144 59
118 85
61 182
5 100
162 96
53 24
152 176
171 53
62 130
92 54
99 157
96 66
57 190
82 88
152 31
123 104
91 189
89 10
175 158
106 182
70 127
24 15
25 41
188 120
146 146
72 88
6 131
161 8
34 54
151 29
127 35
12 15
101 154
89 112
147 170
144 54
192 11
135 171
6 50
118 43
93 24
92 51
168 181
57 119
74 27
X
188 12
123 108
134 21
130 50
161 83
60 85
52 79
151 182
66 116
61 94
12 36
143 148
170 89
196 60
112 189
169 101
135 24
60 163
61 58
158 20
33 162
155 191
183 179
157 191
128 23
161 95
189 143
61 162
125 35
89 7
86 113
141 71
105 161
10 140
X
166 60
115 12
141 176
10 88
194 50
155 43
48 7
111 76
68 46
X
30 163
76 48
184 139
172 28
168 28
168 65
3 41
156 177
97 156
61 146
157 144
X
145 67
68 115
20 35
120 146
186 172
28 27
13 47
140 75
89 176
45 62
192 39
179 82
28 14
84 19
144 182
15 79
170 183
191 188
190 73
61 15
161 118
67 157
126 1
55 35
78 174
71 132
7 171
88 109
141 196
84 72
56 157
32 94
X
135 100
11 9
191 126
53 84
142 103
147 89
162 37
173 192
153 170
40 112
159 103
48 171
191 166
34 73
168 134
151 93
30 186
172 51
49 7
91 120
64 94
43 162
109 19
146 78
32 187
98 19
123 23
145 114
54 107
6 154
46 40
X
53 187
120 60
70 48
58 138
85 35
34 186
138 169
40 15
22 140
182 30
173 194
X
165 178
54 125
130 29
8 75
55 23
171 21
X
133 140
154 49
84 102
122 126
52 151
108 36
104 24
52 171
193 21
41 91
33 5
137 12
40 36
120 43
192 143
138 105
124 109
151 30
99 8
5 62
110 147
10 87
X
190 50
38 128
25 65
121 144
25 68
X
71 162
54 136
101 92
166 104
85 68
187 165
102 131
160 127
25 66
67 72
63 180
64 2
35 153
87 56
93 85
124 100
95 24
66 175
134 77
157 10
118 70
10 52
125 37
177 132
104 47
46 119
X
53 5
4 149
83 74
140 80
90 197
97 157
53 7
89 58
77 46
113 141
146 123
4 41
35 49
X
128 192
29 150
148 132
91 121
118 84
65 16
154 93
127 89
166 4
29 136
98 149
95 33
68 120
97 108
57 89
177 196
143 65
93 89
148 78
X
163 96
179 158
16 154
40 161
184 151
176 76
11 88
79 73
122 158
29 161
69 16
139 11
X
31 6
76 160
30 160
66 176
168 119
97 107
182 52
26 168
16 42
77 122
151 28
142 123
X
24 136
52 69
5 178
92 196
130 183
23 36
78 99
32 194
21 6
83 82
51 47
80 54
132 171
24 181
78 56
190 106
20 122
142 14
16 179
14 27
27 84
134 188
126 10
177 32
105 34
97 98
74 82
169 58
117 95
38 126
100 148
111 170
148 144
36 50
42 70
129 71
88 197
11 40
X
5 174
116 47
49 18
51 146
183 190
96 83
169 176
43 94
121 41
99 149
161 94
31 28
84 17
11 76
158 39
143 197
X
179 58
53 191
86 164
43 82
91 4
89 123
192 9
8 154
89 34
67 136
13 45
44 137
105 58
9 98
119 58
X
45 86
189 19
37 73
154 146
179 69
10 84
64 71
103 50
118 81
170 26
180 2
X
154 37
117 167
176 62
122 133
99 153
66 20
121 10
127 173
85 163
62 159
102 92
105 73
138 154
127 170
119 50
111 190
111 167
X
26 45
X
18 133
33 56
35 181
64 155
171 145
14 40
109 88
134 75
138 171
193 59
193 114
47 2
125 86
195 187
62 8
X
162 153
194 78
17 7
58 58
173 47
15 24
56 158
160 20
103 64
120 41
109 15
44 133
138 22
59 3
37 173
181 102
179 60
45 136
X
44 70
56 85
179 119
132 155
X
91 3
112 110
4 162
86 124
174 32
6 71
131 62
173 61
44 161
74 101
160 74
55 104
2 25
50 195
178 117
191 86
192 90
46 123
122 60
61 143
177 172
X
188 78
12 3
152 49
156 68
125 59
91 155
146 144
70 44
57 76
51 173
43 124
102 176
88 125
26 123
75 105
49 158
114 80
X
44 179
74 100
138 18
112 121
3 178
55 180
8 58
122 111
112 118
176 134
42 44
X
106 17
74 128
117 27
141 160
18 121
14 191
45 106
79 1
40 63
107 70
186 103
42 7
63 95
77 57
53 32
57 192
64 1
75 137
122 144
102 152
144 31
X
74 1
17 8
28 123
26 141
156 191
141 55
53 102
X
11 180
112 132
91 24
157 11
98 88
14 140
52 115
162 21
14 80
151 41
190 116
120 108
148 53
57 85
71 89
104 61
53 86
52 47
136 91
87 101
121 140
136 74
X
55 42
122 121
146 36
67 33
60 62
54 68
4 119
48 167
X
10 51
17 43
51 138
27 95
161 33
40 194
32 49
37 91
63 8
17 56
43 158
180 122
189 167
X
157 153
160 190
86 192
170 72
150 6
90 54
168 46
104 107
5 103
134 22
72 126
125 124
83 1
X
66 182
56 195
14 118
174 156
154 71
180 117
195 116
27 74
13 70
92 184
18 116
36 147
141 90
96 14
83 70
155 180
32 160
170 76
96 69
49 86
148 68
76 107
80 14
173 138
103 106
79 32
99 109
119 186
193 187
79 28
55 179
62 59
119 47
87 4
106 49
29 186
103 99
65 50
18 176
X
100 111
40 62
101 62
X
128 68
102 8
53 181
129 159
98 100
24 120
69 168
7 173
105 47
88 4
107 119
114 24
15 191
87 192
18 118
138 20
173 143
30 27
28 168
12 176
74 126
156 72
52 90
168 61
116 177
79 157
6 48
47 51
161 169
28 43
128 24
80 143
105 182
115 27
90 173
43 164
69 103
142 41
147 117
141 93
33 123
80 39
15 76
151 177
126 133
117 38
68 191
72 59
92 120
22 87
109 157
119 28
195 142
52 166
43 3
63 15
53 35
X
79 158
177 94
143 52
144 184
73 138
81 77
51 22
104 31
177 95
73 166
55 155
97 110
157 137
65 48
125 75
72 146
141 56
166 83
42 67
123 74
28 45
78 36
88 121
87 189
X
151 31
152 20
167 3
126 100
182 2
86 17
121 192
197 58
87 3
175 97
148 88
67 135
78 107
152 56
24 114
193 2
71 139
102 72
92 40
176 83
144 102
179 16
99 195
22 9
56 153
134 138
34 26
176 79
32 31
70 70
159 168
86 191
155 84
35 155
142 184
64 175
178 27
138 75
156 155
X
63 48
X
161 31
122 11
48 164
179 51
85 157
136 129
15 51
127 4
157 145
180 155
186 67
45 7
173 145
138 94
106 38
183 136
27 12
9 112
13 76
190 49
131 159
6 12
40 70
158 60
4 133
106 15
172 26
145 29
137 102
27 134
28 12
152 50
36 104
83 46
114 85
98 148
52 153
23 26
125 122
164 78
49 163
189 73
74 147
54 109
94 67
181 90
77 27
73 6
76 4
61 93
166 158
163 75
146 166
147 54
83 86
41 97
132 129
66 179
121 193
5 121
162 118
139 82
108 88
23 184
100 133
121 107
19 60
133 103
166 194
162 190
174 53
143 57
44 155
31 55
5 139
4 75
X
93 108
172 160
24 129
19 62
182 104
51 51
187 102
82 4
43 40
182 4
28 148
92 93
92 107
100 15
130 191
89 54
174 162
57 32
107 189
X
90 169
160 14
70 120
161 117
66 102
168 102
125 79
156 144
23 60
159 104
112 35
172 49
7 119
140 181
130 65
50 80
127 50
121 146
178 78
66 4
148 56
26 49
31 125
20 153
99 19
168 40
177 140
96 30
114 167
100 91
5 184
53 14
56 86
65 168
84 140
48 55
76 88
11 68
29 105
X
147 189
193 4
107 69
X
153 84
148 181
79 36
172 161
178 170
31 109
148 6
118 191
159 133
161 136
51 136
99 176
62 97
118 105
41 181
147 40
134 54
72 150
76 145
42 17
77 15
190 65
146 40
183 48
28 52
134 105
30 170
49 44
23 21
130 163
89 105
108 127
67 40
193 5
139 176
106 76
140 41
71 37
170 110
159 10
160 174
171 106
107 85
50 150
132 110
10 46
159 173
172 178
6 10
171 191
75 178
12 14
57 62
181 121
98 90
193 90
30 98
110 58
24 21
41 86
X
51 90
180 157
126 50
123 86
113 99
62 3
31 149
143 33
76 105
57 24
171 192
X
X
56 169
58 62
141 10
188 35
186 104
X
33 152
141 40
16 68
122 80
188 170
38 112
120 145
X
167 178
115 91
70 164
181 120
166 85
172 12
156 142
65 118
137 13
161 21
117 91
35 51
136 127
131 114
46 65
88 120
8 84
45 36
189 115
176 16
112 187
107 35
189 106
57 179
74 99
181 69
24 115
87 149
21 32
136 105
169 76
104 92
13 139
29 148
38 53
81 33
111 73
41 95
41 77
70 135
100 176
69 86
128 191
39 70
171 11
148 54
156 62
18 119
X
145 22
148 55
177 197
22 32
X
53 195
184 142
101 28
70 17
191 78
53 163
122 15
X
189 8
148 165
31 54
127 88
172 179
88 158
164 161
55 41
57 181
109 171
76 157
57 21
69 131
79 138
45 67
46 62
66 14
21 147
105 179
148 64
131 110
134 146
49 193
141 174
169 197
9 2
52 141
19 9
X
70 194
56 75
124 87
142 180
76 185
138 156
18 169
158 62
192 156
103 152
194 46
87 146
7 60
141 59
90 194
155 38
192 14
91 131
96 79
134 126
186 73
101 130
32 193
141 52
28 134
159 124
75 147
85 93
6 171
73 192
101 195
25 134
X
49 192
174 52
56 165
31 5
74 189
123 60
X
25 84
170 41
87 7
81 143
53 87
155 68
X
137 152
163 107
103 27
160 107
94 191
132 99
74 60
169 102
97 113
64 96
124 99
83 83
175 103
48 156
62 6
11 80
195 57
195 56
63 145
131 153
160 129
98 173
170 21
86 193
31 147
180 180
54 179
55 74
74 32
4 174
24 116
162 123
68 60
145 191
19 18
42 125
119 27
130 180
13 178
171 72
2 21
71 146
68 37
103 176
133 146
135 103
125 148
16 177
162 36
139 152
102 172
111 110
177 154
169 28
75 157
142 54
52 27
3 163
135 175
42 63
70 18
97 50
32 123
46 39
X
44 116
37 169
101 193
61 176
107 17
X
105 144
39 19
34 109
74 33
96 32
150 171
182 38
139 16
189 77
164 158
163 78
124 129
29 120
187 168
192 142
83 3
33 31
112 111
55 106
71 149
189 194
143 29
118 140
24 140
64 7
41 145
X
76 49
175 130
181 196
120 15
84 164
194 113
X
30 75
50 30
104 174
193 3
190 68
100 164
16 156
162 41
5 154
108 74
4 190
78 147
77 161
25 40
140 91
X
79 119
146 117
191 187
183 50
55 53
6 174
X
45 82
81 2
74 161
5 60
33 95
179 154
170 33
144 105
42 48
128 84
188 76
133 105
141 82
105 181
13 135
169 178
162 78
138 161
138 152
50 40
31 118
35 75
164 5
55 52
X
107 60
79 4
75 135
55 119
188 92
185 74
188 165
151 137
169 135
63 50
117 25
33 30
84 142
45 107
123 31
51 23
162 120
76 45
129 48
X
96 164
184 194
120 67
94 22
23 165
30 150
135 128
87 197
80 49
176 168
X
32 51
141 173
164 159
161 110
107 162
22 36
187 138
181 179
158 32
40 29
121 13
188 13
73 91
21 156
136 141
143 55
63 192
120 69
179 29
105 186
161 133
75 138
51 194
149 166
135 113
32 127
77 13
152 90
47 54
45 134
137 15
39 112
126 129
192 177
183 142
16 188
124 113
94 42
61 95
38 67
41 88
30 110
157 15
182 124
41 123
153 37
122 145
127 174
130 28
176 141
118 184
77 45
134 39
122 26
151 165
22 17
17 167
118 51
88 149
45 41
25 15
77 107
110 140
188 114
75 3
33 66
137 149
14 39
168 60
105 36
10 153
98 8
167 190
171 183
71 138
121 187
131 192
10 27
9 88
116 176
126 14
X
93 194
X
77 188
121 42
88 123
6 139
54 78
32 170
8 71
182 93
136 11
119 143
45 104
150 88
106 192
94 133
195 4
35 144
38 66
98 30
62 175
56 113
141 163
191 89
103 158
42 133
186 171
95 13
39 36
187 22
45 123
100 195
17 152
112 140
122 132
30 28
22 83
27 98
154 89
91 133
69 60
188 8
71 148
119 154
168 33
54 158
60 127
56 7
X
24 139
83 48
30 32
121 80
X
66 16
186 138
189 80
71 128
45 6
16 71
44 76
31 153
3 186
116 8
181 83
179 59
79 31
193 129
160 78
172 163
3 133
88 69
27 129
19 63
59 155
114 164
55 40
167 182
18 189
73 152
8 146
59 85
182 91
71 75
95 159
183 53
193 88
186 65
120 130
145 188
170 121
118 163
43 183
145 52
100 165
54 110
29 190
36 49
8 149
78 108
4 72
73 88
68 192
87 2
4 153
180 92
16 55
183 183
87 33
108 124
23 8
18 180
71 73
78 80
102 98
141 164
X
104 38
44 182
136 177
100 149
81 136
38 181
16 69
31 49
98 5
32 8
96 156
5 71
108 55
51 44
180 3
180 91
78 106
X
123 161
170 51
124 176
142 39
185 75
14 179
47 3
119 104
85 33
191 21
97 159
65 180
16 107
160 49
89 193
187 68
X
69 170
6 30
82 86
99 28
110 73
118 86
87 120
109 113
85 155
144 118
194 119
164 58
124 70
58 61
72 185
180 54
160 137
38 196
X
65 49
90 41
90 184
124 68
125 38
121 104
69 132
94 40
114 166
68 57
108 170
125 149
53 3
69 171
64 35
69 7
49 106
124 145
84 74
94 81
38 62
78 109
152 55
105 60
51 41
141 70
103 151
32 171
103 24
79 161
69 56
170 192
45 157
128 37
158 101
93 192
155 86
175 169
191 90
172 46
65 115
158 41
183 51
126 4
166 134
159 49
172 107
180 30
76 174
192 145
54 50
68 193
93 65
147 158
137 145
93 140
130 69
100 14
129 165
156 8
106 74
192 115
44 96
59 89
30 121
99 5
130 3
166 167
91 112
126 48
171 178
66 181
39 31
75 185
77 120
112 32
124 80
121 120
173 65
56 120
29 163
120 132
44 162
66 177
86 10
17 191
170 123
66 72
182 122
139 105
130 4
147 159
30 108
69 2
100 134
1 91
126 3
61 129
137 171
145 195
182 48
X
14 133
21 63
166 183
105 154
189 126
53 190
X
52 127
51 124
187 104
176 146
49 8
118 167
101 5
175 154
160 19
125 129
170 177
44 181
X
84 161
110 142
137 22
54 108
94 89
141 145
109 86
33 105
136 167
62 62
49 3
66 114
165 77
159 38
X
151 180
195 2
174 160
53 33
X
22 28
1 162
71 152
139 41
57 33
63 35
7 112
108 122
124 89
121 133
7 98
57 74
43 137
142 90
194 56
66 36
168 72
108 38
X
142 181
53 78
67 134
56 3
105 191
119 25
110 132
130 52
13 190
179 31
X
34 190
178 69
175 163
131 111
191 8
21 17
195 60
166 91
147 91
126 91
112 36
29 110
91 156
70 106
67 102
42 181
51 144
70 45
77 56
76 27
53 179
186 136
67 20
52 24
110 167
X
77 180
X
152 92
2 39
143 58
X
195 115
12 107
118 24
43 112
141 123
85 32
148 146
110 169
139 74
111 130
93 83
148 105
185 151
14 130
31 195
81 48
188 151
26 169
109 84
62 163
127 11
78 58
127 86
138 44
66 15
193 193
194 183
120 184
97 54
172 142
141 41
156 15
143 180
X
61 144
57 77
104 158
16 174
11 10
34 17
51 171
5 25
53 188
69 8
54 32
43 133
X
19 103
193 194
62 35
70 46
80 29
13 136
127 113
176 106
12 132
53 139
172 30
108 59
31 105
142 83
24 81
72 135
12 108
X
86 8
152 39
70 125
149 92
154 90
86 196
19 165
35 147
194 115
35 31
149 6
147 162
5 133
112 122
176 61
X
143 119
17 156
41 166
13 36
90 193
24 19
135 140
X
129 162
77 109
34 192
93 80
88 101
73 65
41 112
36 73
106 50
40 165
141 177
161 32
147 184
132 161
183 49
99 100
122 112
X
63 156
67 163
89 145
52 117
93 119
10 110
93 138
116 12
55 16
158 124
57 118
153 28
98 174
194 118
107 86
54 163
79 125
177 141
24 68
37 51
66 76
169 142
158 127
151 7
42 19
148 58
171 48
155 101
191 18
42 121
6 60
41 179
52 191
109 131
94 43
41 195
103 149
X
139 9
187 159
159 63
148 93
156 63
74 93
36 144
27 127
57 22
186 66
74 160
56 137
24 12
122 14
181 124
178 158
131 39
29 98
74 157
101 12
14 116
11 139
4 42
106 48
98 92
28 13
104 172
85 143
32 91
59 160
42 136
139 98
12 4
74 87
177 20
196 97
177 28
X
154 103
125 58
101 190
88 7
147 161
106 144
56 58
32 155
49 40
139 100
146 150
48 52
92 182
130 70
31 160
159 139
1 43
135 174
34 152
124 149
158 42
188 176
44 47
27 171
139 164
100 191
42 43
174 154
X
82 138
11 36
104 173
133 38
18 186
X
26 119
86 195
78 81
14 139
166 103
139 72
84 138
81 89
23 17
23 168
55 76
148 114
161 42
34 63
64 114
137 139
88 122
86 125
11 176
49 109
95 64
61 180
187 137
135 132
29 116
151 43
147 171
23 16
194 60
91 173
22 16
140 11
160 52
14 129
15 106
69 105
87 20
41 162
84 68
50 74
180 154
188 119
124 86
44 180
189 104
28 124
34 74
X
188 143
133 98
117 8
28 127
170 119
188 36
26 12
116 67
48 165
6 186
130 46
179 102
46 83
30 195
34 18
179 32
133 132
100 24
63 11
34 145
104 123
17 188
123 56
162 86
52 68
64 8
160 10
9 101
133 148
5 186
93 82
165 180
78 49
166 178
46 86
89 56
136 72
51 18
104 68
112 131
107 15
192 10
181 27
14 76
99 17
73 188
41 31
53 176
87 194
120 39
86 29
145 130
89 173
134 113
73 125
131 156
84 101
6 133
91 130
65 6
140 16
72 189
182 92
X
56 70
66 168
160 36
76 109
93 129
30 47
174 138
190 47
31 50
5 149
X
61 189
183 25
4 121
54 5
11 91
168 121
138 96
93 113
38 68
52 147
133 115
X
63 143
172 40
97 52
158 13
188 40
152 22
100 151
132 168
16 175
83 68
170 31
104 131
141 161
142 29
76 90
58 140
99 24
89 1
86 158
X
189 178
84 99
106 179
107 71
16 137
66 6
53 6
188 11
103 68
146 119
145 143
103 28
187 136
91 89
78 47
55 145
56 118
52 51
157 139
152 171
178 5
171 12
3 182
191 178
22 104
32 186
74 150
107 74
31 33
68 139
85 19
191 77
28 49
51 54
92 112
10 4
104 32
94 195
138 98
63 168
118 95
192 174
5 141
X
25 150
49 42
131 109
77 34
3 185
92 189
91 2
89 109
99 25
132 191
28 116
74 67
130 161
16 152
9 50
67 35
42 39
X
98 156
26 16
X
105 190
26 194
168 91
28 174
176 143
41 27
191 60
159 110
X
54 70
61 1
123 175
160 139
90 146
110 176
189 141
145 30
126 97
98 7
120 121
69 102
135 144
61 13
53 41
153 49
137 177
142 119
X
36 109
142 40
X
X
67 171
127 122
99 98
36 75
67 32
135 70
79 179
117 42
76 47
176 20
69 74
55 24
8 52
120 14
86 161
78 46
120 131
16 53
146 132
X
194 146
3 161
170 179
46 68
39 128
108 171
124 71
137 108
183 103
147 164
43 126
31 110
171 119
149 67
176 117
66 178
110 111
31 53
168 176
192 172
137 99
46 2
38 65
X
32 185
159 60
161 30
X
126 174
164 56
93 184
192 82
X
118 162
72 65
134 70
128 98
120 158
75 119
76 39
62 145
187 140
98 50
161 189
150 164
53 118
37 175
42 65
63 177
92 175
77 100
122 85
3 139
132 109
188 89
137 14
91 157
133 192
180 192
89 158
17 27
X
172 180
84 84
54 24
78 51
43 155
178 131
168 52
123 121
121 186
106 60
6 51
177 62
71 8
145 196
X
26 191
138 9
25 185
126 119
57 139
31 123
X
169 181
X
10 147
23 185
X
27 116
120 191
91 64
165 87
158 21
166 56
145 64
85 81
181 71
60 155
54 115
151 37
191 115
30 146
193 127
106 64
155 1
141 122
167 192
102 71
76 37
136 131
157 71
51 20
53 27
155 195
125 89
173 188
194 144
23 14
149 75
12 179
106 31
42 166
179 109
193 96
110 122
182 179
167 60
26 114
86 121
88 110
190 101
65 156
152 135
29 26
102 173
95 52
29 97
184 137
78 16
7 46
95 23
163 152
109 98
2 41
194 95
19 19
88 190
166 168
76 87
145 118
88 99
115 24
187 139
157 106
155 3
71 72
42 5
23 33
56 192
92 113
2 93
29 139
32 108
161 134
23 151
81 141
87 81
173 62
127 10
74 28
75 134
28 15
120 140
101 191
154 104
17 77
126 170
113 138
160 63
138 182
26 83
39 145
14 142
189 165
131 38
27 136
123 13
11 11
165 181
176 109
173 141
66 74
119 70
75 163
124 183
13 142
150 117
93 122
161 195
76 5
153 95
15 190
180 195
69 71
128 3
144 194
164 59
182 181
17 174
168 122
189 192
X
41 40
172 33
X
128 4
33 98
X
170 138
15 42
102 70
114 89
167 181
23 35
X
112 120
33 153
99 164
97 80
111 122
3 183
148 143
179 62
23 18
70 16
X
100 167
184 141
26 117
79 29
159 33
158 123
132 159
133 114
67 162
103 143
34 136
150 160
76 34
43 66
X
143 54
135 98
133 147
169 121
191 118
74 163
191 160
87 59
124 13
44 50
90 104
21 102
115 86
110 32
151 136
13 15
36 55
31 91
97 81
138 42
195 130
44 37
X
166 153
13 192
87 72
1 179
7 58
75 131
74 80
32 195
88 10
105 152
80 127
39 91
77 157
24 191
164 57
81 126
42 62
52 18
155 82
126 121
13 44
81 54
126 47
130 156
76 161
167 46
165 88
137 95
87 95
180 76
172 110
157 194
X
63 116
11 67
191 10
127 183
141 184
29 118
170 90
54 14
52 103
116 178
23 15
8 13
72 139
152 95
110 161
130 23
6 102
124 46
23 167
96 63
151 9
79 30
125 12
120 161
53 29
37 137
143 195
63 178
72 64
180 119
141 75
134 110
157 124
20 188
12 80
107 192
75 175
33 49
169 140
54 20
35 184
18 5
66 35
129 89
81 60
28 42
124 60
159 157
179 183
188 18
111 101
111 171
163 95
127 84
124 182
133 159
130 68
16 92
36 169
108 72
36 56
81 30
7 25
11 13
74 57
126 51
120 56
103 51
108 113
29 187
65 31
101 176
116 28
37 90
39 142
41 6
106 142
34 155
33 161
188 157
88 56
162 124
137 146
20 148
X
140 83
44 115
39 192
136 73
13 132
107 123
132 115
27 75
61 177
136 77
193 117
70 126
89 149
112 147
65 19
185 91
123 10
129 31
17 179
44 123
44 62
169 141
71 6
122 25
40 86
41 192
124 132
165 196
73 162
167 86
134 171
110 39
169 139
143 83
93 23
106 18
X
157 120
24 65
15 179
168 62
111 100
44 166
143 150
11 151
66 75
167 29
112 113
20 21
X
167 26
169 144
81 142
195 126
42 74
128 100
74 139
157 72
77 39
92 174
5 123
190 118
95 100
160 29
53 120
143 43
52 70
45 133
147 130
49 2
191 4
65 104
91 108
8 104
173 19
144 148
188 73
182 106
136 108
X
105 99
104 99
14 55
85 164
49 14
55 54
52 30
X
126 109
X
138 112
13 88
68 20
104 179
135 10
65 177
195 179
71 136
91 110
73 191
19 156
16 44
98 33
68 47
49 153
150 90
69 75
6 184
49 10
17 44
188 167
137 176
104 36
156 57
55 117
85 99
33 96
52 78
81 45
X
166 173
159 13
91 180
55 33
53 90
81 34
151 169
196 93
123 154
121 109
171 138
141 95
108 167
9 99
85 137
158 135
8 168
191 88
16 155
72 152
192 170
128 38
91 122
7 167
147 93
28 26
102 28
50 75
184 191
145 59
139 173
106 124
136 24
141 146
88 169
20 17
77 150
49 89
30 66
29 146
100 131
20 167
109 187
133 163
168 75
139 14
48 169
160 110
39 173
41 44
16 103
80 58
196 95
179 17
150 185
10 2
107 88
15 192
34 146
102 6
10 128
112 98
138 121
91 40
182 94
151 22
154 135
33 88
78 105
114 86
8 88
129 47
166 174
106 75
90 192
18 165
162 15
30 5
92 89
110 162
138 19
138 41
69 119
165 60
10 48
87 19
32 192
160 194
51 174
131 40
X
146 145
182 101
178 172
23 86
187 65
63 31
90 147
79 74
107 84
9 11
111 187
143 40
138 111
38 56
2 131
104 112
100 19
99 134
100 193
168 161
189 12
110 118
31 154
41 143
85 101
X
72 127
160 121
59 58
X
80 12
40 148
130 62
84 141
7 123
185 76
158 49
X
117 39
62 180
189 174
41 7
104 109
65 171
44 98
72 187
183 196
33 51
160 54
87 32
41 29
134 101
156 176
X
92 62
172 53
55 188
88 35
155 144
134 190
75 160
30 63
52 101
6 49
150 17
103 162
56 5
45 44
83 138
22 101
54 118
29 106
195 145
152 51
34 187
70 91
137 148
137 144
41 196
70 76
181 92
153 29
129 163
129 4
155 85
26 170
137 110
89 59
20 104
139 81
41 48
135 120
121 43
29 40
40 115
56 168
115 179
139 103
18 123
38 50
81 46
24 141
195 118
49 155
79 122
20 5
90 101
X
13 89
136 146
177 72
28 169
14 141
159 57
67 158
95 97
182 190
45 105
63 129
164 154
62 190
143 82
145 18
3 39
27 137
178 169
59 130
171 61
174 28
137 121
13 74
102 91
112 101
122 12
42 87
106 127
4 151
195 127
51 158
158 137
122 162
164 6
10 28
187 156
187 166
160 106
103 97
147 102
104 33
50 127
186 156
15 48
87 1
125 113
40 37
3 176
29 108
162 93
178 157
158 110
51 84
137 103
161 116
38 91
86 109
121 39
119 163
180 190
44 10
87 109
192 159
144 41
60 59
194 178
36 20
64 144
54 3
126 132
135 119
55 139
40 196
173 31
188 137
158 4
180 156
142 145
X
166 154
95 54
81 86
178 30
70 86
53 171
130 154
78 54
136 132
184 196
192 186
6 26
138 16
63 45
35 17
86 194
104 39
138 170
90 154
193 146
47 104
70 20
189 157
34 143
132 170
52 124
62 61
141 197
50 114
172 39
X
141 91
24 25
28 125
75 7
6 46
31 8
172 176
1 22
43 98
109 147
28 74
183 104
28 129
7 168
186 68
41 70
11 93
75 161
145 19
X
X
162 155
146 56
102 97
166 169
51 167
18 188
107 87
55 78
130 25
3 172
129 67
164 82
6 24
66 172
150 77
157 105
48 108
112 39
X
13 73
108 84
38 182
165 89
180 81
137 72
72 162
13 93
189 130
176 58
41 84
153 82
117 6
83 84
81 88
180 48
167 194
106 63
52 86
192 144
53 174
78 100
149 68
94 192
111 138
56 59
101 19
137 119
64 4
57 193
4 176
16 46
153 30
149 164
51 29
21 68
67 177
134 24
X
49 104
71 150
112 142
17 47
174 197
170 18
143 42
96 33
67 132
167 177
52 155
9 132
X
164 171
91 129
148 134
179 61
175 131
114 84
142 30
77 98
40 77
113 9
171 123
160 61
51 74
53 100
X
4 95
67 161
188 152
74 29
177 70
39 44
22 137
166 152
29 41
5 101
190 66
74 63
126 183
115 48
93 136
117 162
9 154
145 33
27 172
X
24 17
13 12
50 18
34 51
127 27
191 52
173 190
82 90
6 11
57 36
91 107
167 188
59 62
64 190
21 151
74 83
148 9
99 12
113 11
138 122
10 168
51 127
98 51
192 118
84 104
7 111
32 87
81 32
6 52
53 192
151 167
168 41
21 36
127 120
179 71
32 89
40 128
175 92
33 187
X
41 125
98 134
168 38
176 158
11 168
126 84
6 138
142 197
77 59
11 177
102 7
76 31
38 31
4 192
83 72
120 70
75 102
63 160
162 122
125 47
6 141
25 67
4 146
104 101
136 148
63 172
27 42
66 40
56 179
102 19
172 6
152 165
4 21
183 178
157 135
46 42
188 160
13 10
191 192
113 26
15 193
61 4
161 168
13 56
46 64
190 75
154 92
127 87
137 98
37 144
10 146
24 40
173 139
12 181
X
X
133 112
76 33
13 26
147 188
52 195
100 12
43 74
98 52
49 189
28 121
98 176
117 11
172 29
40 69
56 110
29 188
124 78
69 36
54 170
168 188
168 39
20 190
1 161
184 38
68 168
X
76 92
73 151
56 152
190 174
53 36
17 72
37 77
143 190
65 1
56 88
165 197
55 108
134 73
14 89
112 190
48 10
178 76
55 136
181 117
44 163
104 182
X
37 171
157 138
134 42
80 56
151 168
99 110
106 59
67 131
158 10
106 140
192 22
X
71 90
191 59
X
84 21
98 111
125 51
86 35
165 172
8 73
130 64
61 175
159 155
77 29
7 77
153 86
31 192
9 130
196 183
154 86
13 43
122 76
179 53
23 6
154 102
29 114
40 31
42 120
53 15
93 64
64 145
X
16 67
84 71
78 180
154 144
107 180
110 179
89 57
187 20
50 187
40 76
131 50
148 102
X
142 33
33 7
140 164
64 191
138 45
169 18
63 47
30 103
X
34 144
164 172
92 177
28 41
123 129
194 30
147 114
154 176
48 170
67 155
123 162
X
X
6 185
162 11
78 161
20 118
68 45
55 18
155 8
195 117
86 28
120 124
52 36
127 67
23 7
84 105
103 25
79 178
43 48
121 129
192 178
36 17
132 132
172 32
65 72
109 167
33 186
38 36
81 140
X
40 170
154 70
31 87
160 167
110 55
85 27
111 132
47 123
176 157
189 172
12 152
X
159 105
13 181
138 180
86 93
137 141
188 172
129 156
119 108
74 185
68 36
93 62
50 171
55 110
173 20
83 136
141 72
191 129
189 39
63 3
182 90
61 156
150 75
125 80
51 34
72 57
21 84
112 134
96 97
149 118
43 119
70 8
45 2
31 120
172 162
149 30
20 166
117 70
177 27
5 172
149 94
160 93
9 104
128 67
46 69
159 153
43 181
57 109
X
54 195
194 186
45 110
86 105
4 184
98 67
194 31
111 34
X
41 164
160 15
126 99
76 86
121 194
125 147
24 165
36 146
2 192
87 155
33 160
48 5
84 98
174 31
89 4
190 168
50 77
166 87
31 116
170 133
53 115
148 166
38 185
187 90
73 190
2 132
34 66
8 12
67 46
84 89
123 113
X
109 110
13 128
13 80
56 32
1 24
173 12
149 89
186 154
88 54
24 121
192 30
178 39
164 160
121 145
20 9
135 72
20 124
112 31
140 173
28 28
24 87
160 33
173 33
88 112
76 89
138 110
71 74
37 74
11 69
178 154
4 163
152 164
92 64
3 179
31 51
96 167
157 104
172 31
128 2
110 15
97 194
70 93
36 181
53 136
28 170
160 53
162 194
135 126
24 127
24 18
56 139
52 136
190 41
130 1
7 75
186 105
82 74
121 15
34 20
136 144
154 84
60 58
16 178
66 155
19 186
179 81
158 29
1 93
51 14
65 8
51 113
173 195
138 95
190 178
92 190
127 123
124 85
98 113
73 67
120 13
170 134
4 43
X
96 166
142 94
52 135
148 90
115 51
192 126
192 180
43 87
27 138
105 57
3 91
136 171
54 164
155 70
69 121
84 27
190 51
124 84
79 27
143 80
49 47
86 101
111 147
184 190
122 78
85 73
34 184
33 127
175 134
142 143
183 155
39 143
71 87
86 190
1 95
12 67
159 42
78 122
172 138
36 110
33 29
128 39
6 13
120 163
14 48
89 2
61 130
190 35
157 146
107 72
167 28
77 12
124 179
102 134
27 97
34 56
179 30
X
125 39
126 13
140 155
55 182
84 137
78 60
27 47
197 59
132 165
123 57
176 95
108 32
93 91
4 147
41 160
41 194
51 187
136 170
169 189
51 140
174 27
182 29
88 9
74 125
X
109 121
185 77
X
X
21 67
85 83
180 72
95 30
X
66 2
1 163
10 30
122 31
5 190
5 192
171 51
162 40
90 180
56 135
182 50
29 119
95 25
13 52
166 172
49 168
83 77
191 39
189 193
88 170
23 32
3 194
171 8
62 143
118 80
6 146
47 9
86 59
63 162
50 79
15 119
146 122
94 69
120 9
29 103
32 5
191 170
67 172
63 115
10 26
89 33
87 27
116 144
26 115
63 127
27 83
171 121
197 56
103 101
195 29
45 3
4 122
128 64
64 16
33 8
136 9
109 101
138 90
184 25
25 87
193 57
9 129
35 73
189 41
167 5
147 23
75 120
182 117
31 114
166 84
184 30
45 109
5 77
174 51
181 119
121 60
71 76
170 53
102 64
67 36
67 103
109 134
97 13
36 19
32 66
149 91
159 77
154 39
43 2
180 93
89 32
108 13
145 23
9 14
146 102
190 105
146 103
9 5
138 123
119 49
169 72
162 128
50 76
105 59
15 67
30 8
6 21
103 130
93 93
55 118
2 43
57 23
60 6
13 79
176 119
78 12
41 124
9 48
134 58
14 46
120 12
17 68
20 100
28 126
28 78
20 60
53 20
30 119
46 110
76 51
91 119
161 36
127 1
137 24
140 94
53 75
49 29
165 75
101 24
187 77
55 103
101 25
118 107
147 6
41 15
189 129
74 127
196 31
63 97
75 96
118 106
84 90
39 27
91 54
40 17
152 93
78 125
88 93
54 124
78 101
161 10
54 104
71 125
162 9
5 28
132 40
75 27
108 86
162 110
117 84
31 126
70 2
92 22
187 73
23 62
174 33
151 38
88 96
38 116
42 89
153 57
189 18
110 56
85 97
107 118
20 115
6 100
71 70
21 85
144 36
163 110
69 90
92 25
67 31
105 24
152 52
96 52
80 1
109 17
170 61
94 83
179 49
106 51
63 46
75 88
104 60
115 84
127 37
57 108
20 125
30 46
169 33
88 1
144 68
45 10
111 36
160 128
136 110
76 2
172 48
141 73
56 61
98 132
18 9
164 3
81 73
13 9
97 85
118 93
166 82
73 132
17 48
87 21
46 63
86 123
50 124
186 101
32 18
138 43
127 14
44 97
194 51
17 42
136 100
110 134
61 3
76 119
189 81
115 89
131 56
125 45
124 88
168 59
105 123
162 18
76 3
150 93
93 133
43 122
16 76
134 40
181 39
145 132
55 20
136 126
10 29
180 4
65 18
169 56
55 48
25 119
170 108
38 41
106 58
4 25
84 87
22 103
179 20
8 14
171 73
5 21
56 4
38 113
119 67
158 1
30 90
171 6
196 29
95 22
167 104
98 130
2 91
77 36
42 134
43 96
106 16
189 102
6 16
181 81
120 68
38 54
143 56
178 36
132 58
25 116
7 50
132 105
30 65
83 47
195 114
146 68
114 81
55 43
64 120
177 124
182 28
78 39
169 31
134 41
142 32
25 17
173 51
128 62
145 117
42 90
33 87
88 72
126 30
138 120
162 10
1 41
94 131
104 90
177 97
30 114
83 69
53 40
13 104
137 10
176 101
6 117
31 31
50 126
161 130
71 105
13 48
122 113
29 72
145 123
117 37
123 109
132 62
78 50
66 39
13 108
93 68
44 2
33 32
87 17
190 76
92 42
88 30
61 7
88 28
138 23
177 69
119 59
67 15
183 108
73 3
78 96
61 8
110 19
55 50
15 80
177 92
149 95
134 18
49 108
52 113
78 128
188 9
31 89
184 26
81 57
150 78
151 42
25 81
156 52
166 132
155 41
41 8
97 109
21 65
163 86
77 96
128 1
169 21
92 129
113 28
175 12
5 99
146 55
86 110
91 109
55 14
40 43
20 117
191 127
30 88
123 84
169 91
47 122
127 112
168 104
125 31
123 28
127 31
98 6
168 73
32 105
84 77
100 6
194 130
118 108
138 21
93 43
133 100
156 60
109 39
191 14
55 51
127 110
180 95
111 77
24 80
11 39
62 11
27 121
175 132
76 38
159 15
148 130
119 52
40 75
60 130
114 8
184 35
170 88
21 66
91 91
31 117
76 80
41 87
161 82
74 58
186 92
88 51
162 13
190 126
35 33
56 69
177 119
104 88
118 82
171 108
42 115
141 77
196 56
49 90
85 17
132 42
31 121
179 52
142 96
179 117
26 121
110 16
53 89
119 53
127 47
14 134
15 134
93 40
169 41
177 101
90 4
11 87
40 19
7 121
167 59
149 9
22 102
42 112
174 6
42 122
68 40
24 135
149 114
34 75
115 25
177 134
53 67
59 2
54 127
15 102
44 48
33 27
30 30
97 14
189 37
59 127
31 98
185 92
6 47
94 130
181 48
66 34
131 51
14 132
126 98
6 15
103 134
122 84
129 52
44 69
139 80
138 14
12 86
152 85
42 88
78 32
111 74
154 41
24 16
156 54
179 124
183 54
187 100
27 72
191 5
24 126
33 33
163 77
119 51
169 104
141 42
28 119
29 95
2 95
115 93
41 28
9 3
59 8
97 99
67 75
190 8
40 113
32 28
98 89
49 107
183 101
91 90
119 56
116 70
38 125
117 28
149 21
87 108
170 46
91 123
183 122
181 122
57 75
194 5
113 25
118 28
14 51
77 58
4 24
132 65
184 36
184 31
23 87
33 26
157 63
136 128
175 96
162 8
71 7
52 100
153 88
102 133
118 104
36 52
117 86
178 130
70 119
61 97
136 15
152 89
167 47
128 70
26 116
182 36
28 51
16 115
176 78
141 96
74 2
26 81
34 127
133 54
95 50
98 131
37 75
178 105
123 59
188 65
189 127
190 48
76 93
87 10
147 8
80 37
10 49
159 102
96 65
40 88
69 92
175 10
24 24
12 84
166 133
75 132
20 123
156 101
88 95
181 35
16 102
74 90
194 29
84 97
21 25
30 76
46 6
127 121
188 37
100 8
136 111
62 93
98 69
43 9
141 54
33 20
182 26
102 5
51 48
12 131
170 132
86 99
106 68
124 90
136 90
83 50
67 106
87 123
144 39
29 117
75 91
171 74
49 41
190 52
5 73
13 71
146 54
146 64
108 112
55 102
40 91
80 15
162 129
190 117
105 72
170 40
171 31
161 115
147 90
80 38
146 57
42 76
178 3
131 113
52 116
68 106
85 72
92 68
126 52
33 28
11 12
17 79
174 78
126 67
12 88
110 113
135 110
160 124
70 49
42 91
1 94
8 61
130 26
99 27
17 25
195 95
41 94
99 97
169 26
42 85
122 27
17 6
33 94
65 47
171 65
54 69
178 132
79 33
188 38
24 118
101 88
191 35
76 30
142 80
162 14
28 53
115 82
26 129
38 52
115 80
177 30
13 134
181 82
104 130
53 28
70 131
96 18
129 28
65 15
15 93
32 33
176 60
33 89
185 90
147 68
160 42
115 28
49 110
12 93
14 36
5 61
101 8
33 108
104 34
93 110
15 74
22 21
194 126
55 116
45 70
69 88
79 14
100 89
106 122
169 57
44 122
182 54
17 115
117 43
42 69
193 56
100 17
29 135
109 55
38 70
98 12
69 114
172 8
147 78
78 97
43 36
195 93
147 59
139 75
122 30
52 104
137 123
196 94
189 10
13 67
74 5
22 24
49 9
160 96
158 133
24 26
32 20
118 53
78 82
156 70
190 22
25 50
142 89
70 88
90 120
153 43
40 44
19 21
18 72
183 52
100 108
182 95
75 93
114 94
121 56
74 102
116 95
17 24
13 68
57 110
159 29
141 80
107 55
177 71
60 89
17 46
13 14
106 72
194 81
41 3
107 73
45 119
116 24
88 124
16 133
54 120
77 60
116 69
57 20
51 15
43 116
34 126
23 66
119 60
27 16
69 91
166 86
118 89
134 103
115 50
108 35
190 130
72 131
74 88
43 123
156 50
71 86
53 55
43 86
44 63
101 64
110 110
88 111
12 106
93 124
19 104
172 21
134 102
49 55
137 18
69 20
30 64
19 17
50 86
151 133
144 52
50 90
76 82
172 61
165 78
110 88
158 128
178 2
184 29
8 11
51 17
13 69
94 33
191 3
133 113
184 39
116 6
22 65
189 114
170 62
38 64
167 48
136 130
97 17
158 108
173 63
167 132
113 7
180 69
81 87
82 1
155 37
55 49
158 40
62 32
57 134
65 116
169 61
177 29
110 87
178 26
156 3
110 86
104 51
96 31
152 84
155 15
5 102
93 63
106 71
147 18
63 49
89 51
145 119
80 34
74 92
158 106
15 104
41 9
30 72
79 120
90 9
107 122
182 96
136 113
159 75
137 91
146 75
4 92
158 109
152 94
138 114
8 121
180 101
11 132
101 13
167 102
93 111
102 130
61 2
12 40
101 134
160 105
86 19
73 131
124 76
88 71
11 90
132 102
147 39
16 74
132 64
34 31
55 115
132 101
66 38
125 9
192 88
30 89
192 36
19 20
61 62
169 87
69 87
42 18
155 40
120 125
102 110
14 37
156 1
178 38
44 112
69 44
41 85
93 120
141 83
177 31
179 78
167 56
97 18
168 64
98 97
179 95
147 119
179 5
72 128
123 124
128 65
65 34
164 87
68 118
167 2
70 47
67 119
90 40
32 65
92 123
77 102
23 28
66 8
46 10
135 105
8 117
141 94
166 100
20 34
122 122
143 94
102 111
99 112
188 115
57 34
34 108
51 75
65 17
97 67
174 12
65 114
104 28
156 53
76 7
99 92
176 77
114 82
102 109
76 122
181 54
24 128
8 122
8 119
61 12
188 116
147 21
169 109
64 6
168 100
175 101
42 2
197 60
76 29
124 30
98 133
83 44
9 110
105 100
169 123
75 100
47 52
12 9
141 53
188 77
62 33
27 86
122 107
76 6
22 100
74 6
93 81
145 133
30 116
93 66
123 80
86 32
90 102
162 20
7 86
154 69
91 132
81 127
43 125
87 112
44 114
191 12
86 112
152 83
24 125
164 60
64 46
104 127
157 13
95 98
95 12
66 119
42 94
19 100
192 8
68 131
96 62
52 118
153 133
139 77
42 46
43 10
110 38
5 24
170 38
68 58
92 131
71 5
33 90
193 94
156 56
136 121
12 128
12 87
76 36
187 19
13 42
150 114
160 123
144 40
125 8
64 11
25 16
154 88
161 40
13 106
178 134
100 130
132 54
94 25
26 134
118 94
105 28
21 21
150 18
49 105
78 34
146 134
42 16
1 21
11 14
79 34
49 48
137 105
187 106
192 56
179 101
30 31
29 134
116 86
54 7
21 61
68 48
98 17
180 109
107 127
185 88
65 51
176 104
171 110
64 97
155 83
65 105
126 26
193 52
99 14
33 97
17 54
29 8
178 118
61 6
76 50
65 20
92 124
169 52
189 82
190 103
127 125
148 118
190 82
117 47
121 37
31 104
36 108
134 55
147 65
149 7
50 14
125 13
137 100
154 68
82 77
36 53
142 16
39 124
177 16
53 48
190 100
41 66
31 63
141 58
191 82
186 77
139 73
86 30
178 119
146 59
80 4
65 119
175 106
61 96
25 47
62 34
155 105
1 42
125 56
154 50
169 108
33 110
72 86
41 82
17 45
138 24
111 39
16 118
193 95
55 44
192 37
91 93
16 57
36 51
138 113
122 24
146 58
66 46
180 27
121 57
87 114
145 120
125 78
72 3
42 98
68 75
124 24
41 128
30 45
103 108
5 104
75 107
189 118
53 17
118 49
7 114
127 12
173 64
104 64
84 18
175 83
145 31
148 76
88 52
161 74
147 106
12 6
145 21
129 62
102 101
112 37
136 98
117 82
